!MOLECULE
DCO+
!MOLECULAR WEIGHT
30.0
!NUMBER OF ENERGY LEVELS
22
!LEVEL + ENERGIES(cm^-1) + WEIGHT + J, F
     1  0.00000000  3   0 1
     2  2.40297034  1   1 0
     3  2.40297252  5   1 2
     4  2.40297407  3   1 1
     5  7.20887254  3   2 1
     6  7.20887332  7   2 3
     7  7.20887500  5   2 2
     8 14.41761253  5   3 2
     9 14.41761295  9   3 4
    10 14.41761471  7   3 3
    11 24.02905541  7   4 3
    12 24.02905717 11   4 5
    13 24.02905740  9   4 4
    14 36.04302765  9   5 4
    15 36.04302775 13   5 6
    16 36.04302962 11   5 5
    17 50.45930112 15   6 7
    18 50.45930112 11   6 5
    19 50.45930303 13   6 6
    20 67.27760927 17   7 8
    21 67.27760936 13   7 6
    22 67.27761122 15   7 7
!NUMBER OF RADIATIVE TRANSITIONS
39
!TRANS + UP + LOW + EINSTEINA(s^-1) + FREQ(GHz) + Eu(K)
     1    2    1  2.24000000e-05    72.039238496     3.4573393
     2    3    1  2.24100000e-05    72.039303926     3.4573424
     3    4    1  2.24000000e-05    72.039350306     3.4573447
     4    5    4  8.96100000e-05   144.077211509    10.3719626
     5    5    3  5.97400000e-06   144.077257889    10.3719626
     6    6    3  2.15100000e-04   144.077281225    10.3719637
     7    7    4  1.61300000e-04   144.077285129    10.3719661
     8    5    2  1.19500000e-04   144.077323319    10.3719626
     9    7    3  5.37700000e-05   144.077331509    10.3719661
    10    8    7  1.21000000e-04   216.112514503    20.7437344
    11    8    6  3.45600000e-06   216.112564787    20.7437344
    12    9    6  7.77600000e-04   216.112577457    20.7437350
    13   10    7  6.91200000e-04   216.112579933    20.7437375
    14    8    5  6.53200000e-04   216.112588123    20.7437344
    15   10    6  8.64000000e-05   216.112630217    20.7437375
    16   11   10  1.53600000e-04   288.143795900    34.5724608
    17   11    9  2.43800000e-06   288.143848660    34.5724608
    18   12    9  1.91100000e-03   288.143855599    34.5724633
    19   13   10  1.79200000e-03   288.143857426    34.5724636
    20   11    8  1.75500000e-03   288.143861330    34.5724608
    21   13    9  1.19500000e-04   288.143910186    34.5724636
    22   14   13  1.86600000e-04   360.169719452    51.8578919
    23   14   12  1.88500000e-06   360.169774038    51.8578919
    24   15   12  3.81800000e-03   360.169777025    51.8578921
    25   16   13  3.66500000e-03   360.169778502    51.8578948
    26   14   11  3.62900000e-03   360.169780978    51.8578919
    27   16   12  1.52700000e-04   360.169833088    51.8578948
    28   18   16  2.19900000e-04   432.188946835    72.5996997
    29   17   15  6.69800000e-03   432.189002791    72.5996997
    30   18   15  1.53800000e-06   432.189002898    72.5996997
    31   19   16  6.51200000e-03   432.189004058    72.5997025
    32   18   14  6.47700000e-03   432.189005885    72.5996997
    33   19   15  1.86100000e-04   432.189060121    72.5997025
    34   21   19  2.53200000e-04   504.200139244    96.7975008
    35   20   17  1.07500000e-02   504.200193860    96.7975006
    36   22   19  1.05300000e-02   504.200194991    96.7975034
    37   21   18  1.05000000e-02   504.200196468    96.7975008
    38   21   17  1.29900000e-06   504.200196574    96.7975008
    39   22   17  2.19500000e-04   504.200252321    96.7975034
!NUMBER OF COLL PARTNERS
1
!COLLISIONS BETWEEN
1 DCO+ - p-H2 (treated as H2) from Pagani et al. (2012), and Laurent Pagani in private communication.
!NUMBER OF COLL TRANS
231
!NUMBER OF COLL TEMPS
10
!COLL TEMPS
5.0 10.0 20.0 30.0 40.0 50.0 60.0 70.0 80.0 90.0
!TRANS + UP + LOW + COLLRATES(cm^3 s^-1)
     1    2    1  2.850000e-10 2.640000e-10 2.330000e-10 2.140000e-10 2.020000e-10 1.960000e-10 1.880000e-10 1.890000e-10 1.800000e-10 1.870000e-10 
     2    3    1  2.850000e-10 2.640000e-10 2.330000e-10 2.140000e-10 2.020000e-10 1.960000e-10 1.880000e-10 1.890000e-10 1.800000e-10 1.870000e-10 
     3    3    2  4.076923e-11 4.592666e-11 4.523557e-11 4.290211e-11 4.023853e-11 3.831847e-11 3.585623e-11 3.539323e-11 3.513989e-11 3.383333e-11 
     4    4    1  2.850000e-10 2.640000e-10 2.330000e-10 2.140000e-10 2.020000e-10 1.960000e-10 1.880000e-10 1.890000e-10 1.800000e-10 1.870000e-10 
     5    4    2  0.000000e+00 0.000000e+00 0.000000e+00 0.000000e+00 0.000000e+00 0.000000e+00 0.000000e+00 0.000000e+00 0.000000e+00 0.000000e+00 
     6    4    3  1.528846e-10 1.722250e-10 1.696334e-10 1.608829e-10 1.508945e-10 1.436943e-10 1.344609e-10 1.327246e-10 1.317746e-10 1.268750e-10 
     7    5    1  1.380000e-10 1.350000e-10 1.220000e-10 1.130000e-10 1.050000e-10 1.000000e-10 9.260000e-11 9.200000e-11 8.980000e-11 8.700000e-11 
     8    5    2  1.449879e-10 1.392271e-10 1.325573e-10 1.285001e-10 1.252386e-10 1.224911e-10 1.211363e-10 1.244204e-10 1.202600e-10 1.240136e-10 
     9    5    3  1.422712e-10 1.493527e-10 1.470248e-10 1.421248e-10 1.368325e-10 1.296406e-10 1.280114e-10 1.272643e-10 1.225450e-10 1.209762e-10 
    10    5    4  1.087409e-10 1.044203e-10 9.941795e-11 9.637510e-11 9.392894e-11 9.186832e-11 9.085224e-11 9.331530e-11 9.019502e-11 9.301018e-11 
    11    6    1  1.380000e-10 1.350000e-10 1.220000e-10 1.130000e-10 1.050000e-10 1.000000e-10 9.260000e-11 9.200000e-11 8.980000e-11 8.700000e-11 
    12    6    2  3.214806e-11 3.390269e-11 3.342784e-11 3.230946e-11 3.108822e-11 2.940858e-11 2.903682e-11 2.881983e-11 2.774570e-11 2.732751e-11 
    13    6    3  2.995558e-10 2.912919e-10 2.787165e-10 2.700716e-10 2.627353e-10 2.557743e-10 2.528895e-10 2.585405e-10 2.497629e-10 2.560175e-10 
    14    6    4  6.429612e-11 6.780538e-11 6.685568e-11 6.461893e-11 6.217644e-11 5.881715e-11 5.807363e-11 5.763966e-11 5.549141e-11 5.465503e-11 
    15    6    5  4.925388e-11 5.845653e-11 6.286977e-11 6.213088e-11 6.008319e-11 5.841651e-11 5.659673e-11 5.276372e-11 5.296202e-11 5.119956e-11 
    16    7    1  1.380000e-10 1.350000e-10 1.220000e-10 1.130000e-10 1.050000e-10 1.000000e-10 9.260000e-11 9.200000e-11 8.980000e-11 8.700000e-11 
    17    7    2  0.000000e+00 0.000000e+00 0.000000e+00 0.000000e+00 0.000000e+00 0.000000e+00 0.000000e+00 0.000000e+00 0.000000e+00 0.000000e+00 
    18    7    3  1.552591e-10 1.575797e-10 1.532487e-10 1.482916e-10 1.434044e-10 1.374650e-10 1.358144e-10 1.366847e-10 1.318050e-10 1.323232e-10 
    19    7    4  2.407409e-10 2.354203e-10 2.257513e-10 2.187084e-10 2.125956e-10 2.065350e-10 2.041856e-10 2.083153e-10 2.011950e-10 2.056768e-10 
    20    7    5  4.855592e-11 5.577044e-11 5.593123e-11 5.336933e-11 5.013754e-11 4.801089e-11 4.492373e-11 4.421826e-11 4.356930e-11 4.217168e-11 
    21    7    6  1.142019e-10 1.336130e-10 1.395006e-10 1.358860e-10 1.298801e-10 1.255142e-10 1.199537e-10 1.142534e-10 1.138374e-10 1.101034e-10 
    22    8    1  9.830000e-11 1.000000e-10 9.140000e-11 8.370000e-11 7.800000e-11 7.320000e-11 7.010000e-11 6.810000e-11 6.460000e-11 6.410000e-11 
    23    8    2  7.935639e-11 7.833281e-11 7.097587e-11 6.542317e-11 6.071618e-11 5.699605e-11 5.503842e-11 5.413172e-11 5.203734e-11 5.068076e-11 
    24    8    3  1.072872e-10 1.093344e-10 1.060483e-10 1.011537e-10 9.656764e-11 9.200791e-11 9.192316e-11 8.573657e-11 8.392532e-11 8.163847e-11 
    25    8    4  7.935639e-11 7.833281e-11 7.097587e-11 6.542317e-11 6.071618e-11 5.699605e-11 5.503842e-11 5.413172e-11 5.203734e-11 5.068076e-11 
    26    8    5  2.721460e-10 2.579067e-10 2.407566e-10 2.303005e-10 2.231232e-10 2.186001e-10 2.134953e-10 2.126264e-10 2.137271e-10 2.142520e-10 
    27    8    6  7.504568e-11 8.208996e-11 8.662823e-11 8.868706e-11 8.953213e-11 8.950252e-11 8.980082e-11 8.752041e-11 9.114116e-11 8.734456e-11 
    28    8    7  1.088083e-10 1.080033e-10 1.026152e-10 9.801239e-11 9.434464e-11 9.089740e-11 8.870388e-11 8.685315e-11 8.713172e-11 8.540342e-11 
    29    9    1  9.830000e-11 1.000000e-10 9.140000e-11 8.370000e-11 7.800000e-11 7.320000e-11 7.010000e-11 6.810000e-11 6.460000e-11 6.410000e-11 
    30    9    2  2.487608e-11 2.544473e-11 2.486526e-11 2.380194e-11 2.278731e-11 2.174294e-11 2.179347e-11 2.022312e-11 1.983111e-11 1.928846e-11 
    31    9    3  1.944813e-10 1.928464e-10 1.765124e-10 1.635694e-10 1.524865e-10 1.434891e-10 1.393438e-10 1.358585e-10 1.309856e-10 1.275457e-10 
    32    9    4  4.664265e-11 4.770887e-11 4.662236e-11 4.462864e-11 4.272620e-11 4.076801e-11 4.086276e-11 3.791835e-11 3.718333e-11 3.616587e-11 
    33    9    5  3.094205e-11 3.415768e-11 3.644693e-11 3.758908e-11 3.813759e-11 3.828716e-11 3.851178e-11 3.754831e-11 3.923092e-11 3.756436e-11 
    34    9    6  3.664168e-10 3.514910e-10 3.305384e-10 3.169444e-10 3.072542e-10 3.004479e-10 2.937382e-10 2.914551e-10 2.933283e-10 2.924105e-10 
    35    9    7  5.864119e-11 6.235131e-11 6.301468e-11 6.246656e-11 6.160818e-11 6.026492e-11 5.974999e-11 5.799657e-11 5.944078e-11 5.702514e-11 
    36    9    8  5.166491e-11 5.393573e-11 5.632699e-11 5.654951e-11 5.611903e-11 5.574460e-11 5.548077e-11 5.456162e-11 5.512712e-11 5.459079e-11 
    37   10    1  9.830000e-11 1.000000e-10 9.140000e-11 8.370000e-11 7.800000e-11 7.320000e-11 7.010000e-11 6.810000e-11 6.460000e-11 6.410000e-11 
    38   10    2  0.000000e+00 0.000000e+00 0.000000e+00 0.000000e+00 0.000000e+00 0.000000e+00 0.000000e+00 0.000000e+00 0.000000e+00 0.000000e+00 
    39   10    3  1.166523e-10 1.172920e-10 1.106401e-10 1.041105e-10 9.830239e-11 9.312747e-11 9.185099e-11 8.741768e-11 8.497666e-11 8.269952e-11 
    40   10    4  1.493477e-10 1.487080e-10 1.373599e-10 1.278895e-10 1.196976e-10 1.128725e-10 1.101490e-10 1.065823e-10 1.030233e-10 1.003005e-10 
    41   10    5  3.942738e-11 4.066390e-11 3.917068e-11 3.737080e-11 3.579223e-11 3.403074e-11 3.318820e-11 3.204757e-11 3.209802e-11 3.086580e-11 
    42   10    6  1.136887e-10 1.166473e-10 1.151448e-10 1.129522e-10 1.108073e-10 1.083794e-10 1.069931e-10 1.045574e-10 1.065628e-10 1.034547e-10 
    43   10    7  3.028839e-10 2.906888e-10 2.756846e-10 2.666770e-10 2.604005e-10 2.565898e-10 2.518187e-10 2.503950e-10 2.533392e-10 2.526795e-10 
    44   10    8  5.518409e-11 6.541822e-11 6.889469e-11 6.724038e-11 6.436733e-11 6.220920e-11 5.937425e-11 5.690407e-11 5.697811e-11 5.509952e-11 
    45   10    9  9.656001e-11 1.087103e-10 1.141134e-10 1.126136e-10 1.093657e-10 1.068857e-10 1.038075e-10 1.005826e-10 1.011029e-10 9.877851e-11 
    46   11    1  5.840000e-11 5.920000e-11 5.770000e-11 5.550000e-11 5.320000e-11 5.150000e-11 4.950000e-11 4.640000e-11 4.620000e-11 4.470000e-11 
    47   11    2  4.972756e-11 4.954407e-11 4.664488e-11 4.390383e-11 4.155042e-11 3.984540e-11 3.746093e-11 3.704418e-11 3.534066e-11 3.487597e-11 
    48   11    3  5.432892e-11 5.771884e-11 5.987964e-11 6.070435e-11 6.070535e-11 6.132853e-11 5.939552e-11 5.928112e-11 5.890110e-11 5.788857e-11 
    49   11    4  5.594351e-11 5.573708e-11 5.247549e-11 4.939181e-11 4.674423e-11 4.482607e-11 4.214355e-11 4.167470e-11 3.975824e-11 3.923546e-11 
    50   11    5  1.370465e-10 1.436513e-10 1.358365e-10 1.266454e-10 1.189677e-10 1.130580e-10 1.079743e-10 1.056358e-10 1.026157e-10 1.014672e-10 
    51   11    6  8.559960e-11 8.040847e-11 7.794293e-11 7.598054e-11 7.498970e-11 7.375501e-11 7.466690e-11 7.295828e-11 7.215280e-11 7.298799e-11 
    52   11    7  7.135394e-11 7.594021e-11 7.422060e-11 7.037408e-11 6.704258e-11 6.418701e-11 6.235882e-11 5.940588e-11 5.823152e-11 5.754486e-11 
    53   11    8  2.827248e-10 2.687517e-10 2.538027e-10 2.471349e-10 2.445094e-10 2.446810e-10 2.439088e-10 2.473880e-10 2.467015e-10 2.512033e-10 
    54   11    9  6.661129e-11 7.222314e-11 7.566242e-11 7.653906e-11 7.704387e-11 7.680370e-11 7.707662e-11 7.571963e-11 7.665899e-11 7.384262e-11 
    55   11   10  7.066390e-11 7.202513e-11 7.153488e-11 7.132604e-11 7.144674e-11 7.151527e-11 7.201461e-11 7.189238e-11 7.263952e-11 7.195406e-11 
    56   12    1  5.840000e-11 5.920000e-11 5.770000e-11 5.550000e-11 5.320000e-11 5.150000e-11 4.950000e-11 4.640000e-11 4.620000e-11 4.470000e-11 
    57   12    2  1.199155e-11 1.292650e-11 1.368053e-11 1.406120e-11 1.419518e-11 1.446202e-11 1.407032e-11 1.406279e-11 1.405594e-11 1.380620e-11 
    58   12    3  1.264237e-10 1.268058e-10 1.206945e-10 1.146287e-10 1.092535e-10 1.055063e-10 9.960311e-11 9.862418e-11 9.464336e-11 9.334263e-11 
    59   12    4  2.158479e-11 2.326770e-11 2.462496e-11 2.531015e-11 2.555133e-11 2.603163e-11 2.532657e-11 2.531303e-11 2.530070e-11 2.485117e-11 
    60   12    5  3.750772e-11 3.462915e-11 3.344553e-11 3.269273e-11 3.239381e-11 3.196061e-11 3.249533e-11 3.190396e-11 3.156893e-11 3.202546e-11 
    61   12    6  2.060169e-10 2.153734e-10 2.051888e-10 1.923549e-10 1.816536e-10 1.732007e-10 1.665163e-10 1.620418e-10 1.578521e-10 1.562757e-10 
    62   12    7  5.047537e-11 4.999750e-11 4.936567e-11 4.795235e-11 4.695262e-11 4.583873e-11 4.598836e-11 4.405425e-11 4.357900e-11 4.369880e-11 
    63   12    8  3.690989e-11 4.010021e-11 4.209045e-11 4.259359e-11 4.287709e-11 4.273451e-11 4.287254e-11 4.209329e-11 4.261138e-11 4.100385e-11 
    64   12    9  3.330283e-10 3.193977e-10 3.037695e-10 2.967449e-10 2.940784e-10 2.942665e-10 2.936884e-10 2.971771e-10 2.968522e-10 3.010508e-10 
    65   12   10  5.006185e-11 5.350211e-11 5.514002e-11 5.566152e-11 5.604456e-11 5.599896e-11 5.643908e-11 5.572964e-11 5.653638e-11 5.494536e-11 
    66   12   11  5.065847e-11 6.237227e-11 6.732033e-11 6.619855e-11 6.398242e-11 6.166666e-11 5.975594e-11 5.747019e-11 5.628247e-11 5.446456e-11 
    67   13    1  5.840000e-11 5.920000e-11 5.770000e-11 5.550000e-11 5.320000e-11 5.150000e-11 4.950000e-11 4.640000e-11 4.620000e-11 4.470000e-11 
    68   13    2  0.000000e+00 0.000000e+00 0.000000e+00 0.000000e+00 0.000000e+00 0.000000e+00 0.000000e+00 0.000000e+00 0.000000e+00 0.000000e+00 
    69   13    3  6.989303e-11 7.178936e-11 7.091144e-11 6.935049e-11 6.758603e-11 6.668117e-11 6.373301e-11 6.335181e-11 6.184615e-11 6.089012e-11 
    70   13    4  9.010697e-11 9.121064e-11 8.808856e-11 8.464951e-11 8.141397e-11 7.931883e-11 7.526699e-11 7.464819e-11 7.215385e-11 7.110988e-11 
    71   13    5  2.396554e-11 2.594668e-11 2.627154e-11 2.534026e-11 2.447712e-11 2.360305e-11 2.330349e-11 2.164507e-11 2.140356e-11 2.113887e-11 
    72   13    6  9.322409e-11 9.422597e-11 9.179141e-11 8.800356e-11 8.505365e-11 8.234530e-11 8.140580e-11 7.840359e-11 7.715084e-11 7.702789e-11 
    73   13    7  1.768104e-10 1.798273e-10 1.699370e-10 1.596562e-10 1.514692e-10 1.450517e-10 1.402907e-10 1.379513e-10 1.344456e-10 1.338332e-10 
    74   13    8  3.499084e-11 3.695951e-11 3.758258e-11 3.786799e-11 3.813498e-11 3.817576e-11 3.860769e-11 3.828261e-11 3.889763e-11 3.807525e-11 
    75   13    9  8.115667e-11 8.445150e-11 8.544902e-11 8.563857e-11 8.593360e-11 8.589041e-11 8.638477e-11 8.574768e-11 8.669980e-11 8.504446e-11 
    76   13   10  3.038525e-10 2.915890e-10 2.779684e-10 2.714934e-10 2.689314e-10 2.689338e-10 2.680075e-10 2.709697e-10 2.704026e-10 2.738803e-10 
    77   13   11  5.370029e-11 6.201835e-11 6.670575e-11 6.673076e-11 6.513703e-11 6.387243e-11 6.230169e-11 6.038375e-11 6.063885e-11 5.933239e-11 
    78   13   12  8.266537e-11 9.765763e-11 1.051710e-10 1.045615e-10 1.017050e-10 9.912312e-11 9.646249e-11 9.324050e-11 9.282515e-11 9.048281e-11 
    79   14    1  2.980000e-11 3.280000e-11 3.370000e-11 3.370000e-11 3.350000e-11 3.340000e-11 3.310000e-11 3.250000e-11 3.230000e-11 3.190000e-11 
    80   14    2  2.922301e-11 3.068010e-11 3.029956e-11 2.912379e-11 2.806107e-11 2.704433e-11 2.620939e-11 2.508503e-11 2.460421e-11 2.406652e-11 
    81   14    3  6.270938e-11 5.650378e-11 5.334097e-11 5.192765e-11 5.126564e-11 5.050248e-11 5.033935e-11 5.081292e-11 4.987073e-11 5.005366e-11 
    82   14    4  3.506761e-11 3.681612e-11 3.635947e-11 3.494855e-11 3.367329e-11 3.245319e-11 3.145126e-11 3.010204e-11 2.952505e-11 2.887982e-11 
    83   14    5  9.983240e-11 9.853357e-11 9.277790e-11 8.797289e-11 8.421504e-11 8.067823e-11 7.816441e-11 7.613075e-11 7.455897e-11 7.338988e-11 
    84   14    6  6.476944e-11 6.742427e-11 6.818090e-11 6.703440e-11 6.572837e-11 6.418877e-11 6.254688e-11 6.059221e-11 6.025377e-11 5.821661e-11 
    85   14    7  5.039816e-11 5.104216e-11 5.004120e-11 4.899271e-11 4.805659e-11 4.713300e-11 4.628871e-11 4.527704e-11 4.518726e-11 4.439352e-11 
    86   14    8  1.776842e-10 1.712592e-10 1.623101e-10 1.564477e-10 1.513636e-10 1.471960e-10 1.422720e-10 1.412081e-10 1.392916e-10 1.375167e-10 
    87   14    9  8.059028e-11 7.987558e-11 7.775996e-11 7.544696e-11 7.406748e-11 7.195803e-11 7.116218e-11 6.933111e-11 6.742683e-11 6.643328e-11 
    88   14   10  6.972547e-11 6.486526e-11 6.292997e-11 6.210538e-11 6.156890e-11 6.084596e-11 6.056585e-11 5.946074e-11 5.928153e-11 5.905007e-11 
    89   14   11  3.421644e-10 3.167338e-10 2.935688e-10 2.822425e-10 2.764800e-10 2.744823e-10 2.732306e-10 2.747072e-10 2.756077e-10 2.800165e-10 
    90   14   12  4.206743e-11 5.005821e-11 5.509299e-11 5.631841e-11 5.661422e-11 5.618164e-11 5.620768e-11 5.469326e-11 5.573631e-11 5.355738e-11 
    91   14   13  6.976816e-11 7.020799e-11 6.933825e-11 6.843913e-11 6.790575e-11 6.733602e-11 6.756171e-11 6.659951e-11 6.765594e-11 6.642608e-11 
    92   15    1  2.980000e-11 3.280000e-11 3.370000e-11 3.370000e-11 3.350000e-11 3.340000e-11 3.310000e-11 3.250000e-11 3.230000e-11 3.190000e-11 
    93   15    2  1.558920e-11 1.373429e-11 1.286954e-11 1.255532e-11 1.244490e-11 1.230264e-11 1.231658e-11 1.253087e-11 1.229965e-11 1.238985e-11 
    94   15    3  8.412971e-11 8.623071e-11 8.460877e-11 8.147286e-11 7.877653e-11 7.616773e-11 7.412941e-11 7.154010e-11 7.017597e-11 6.892792e-11 
    95   15    4  2.728110e-11 2.403501e-11 2.252169e-11 2.197181e-11 2.177857e-11 2.152963e-11 2.155401e-11 2.192903e-11 2.152438e-11 2.168223e-11 
    96   15    5  2.917405e-11 3.040518e-11 3.076140e-11 3.018304e-11 2.953763e-11 2.877798e-11 2.798389e-11 2.706517e-11 2.686243e-11 2.589744e-11 
    97   15    6  1.523262e-10 1.514352e-10 1.441779e-10 1.378005e-10 1.327042e-10 1.278493e-10 1.242360e-10 1.210670e-10 1.191185e-10 1.170788e-10 
    98   15    7  3.349978e-11 3.515961e-11 3.606069e-11 3.601643e-11 3.575814e-11 3.537276e-11 3.478013e-11 3.386781e-11 3.401911e-11 3.302373e-11 
    99   15    8  4.511076e-11 4.496595e-11 4.376261e-11 4.238424e-11 4.155547e-11 4.030363e-11 3.981138e-11 3.877241e-11 3.762180e-11 3.702601e-11 
   100   15    9  2.280605e-10 2.190318e-10 2.083408e-10 2.014455e-10 1.955876e-10 1.905935e-10 1.850600e-10 1.833085e-10 1.810013e-10 1.788980e-10 
   101   15   10  5.482875e-11 5.200225e-11 5.089660e-11 5.017027e-11 4.985689e-11 4.910283e-11 4.912860e-11 4.791912e-11 4.737693e-11 4.707597e-11 
   102   15   11  2.613780e-11 3.135746e-11 3.467005e-11 3.548908e-11 3.569223e-11 3.542103e-11 3.543064e-11 3.446193e-11 3.512038e-11 3.372482e-11 
   103   15   12  3.804303e-10 3.547600e-10 3.308044e-10 3.188542e-10 3.127286e-10 3.104403e-10 3.092252e-10 3.103300e-10 3.116879e-10 3.156931e-10 
   104   15   13  4.743187e-11 5.088254e-11 5.252556e-11 5.265669e-11 5.257915e-11 5.213863e-11 5.234418e-11 5.120809e-11 5.219175e-11 5.058213e-11 
   105   15   14  2.876430e-11 3.622436e-11 4.170182e-11 4.261874e-11 4.218950e-11 4.133865e-11 4.063984e-11 3.951135e-11 3.902487e-11 3.818432e-11 
   106   16    1  2.980000e-11 3.280000e-11 3.370000e-11 3.370000e-11 3.350000e-11 3.340000e-11 3.310000e-11 3.250000e-11 3.230000e-11 3.190000e-11 
   107   16    2  0.000000e+00 0.000000e+00 0.000000e+00 0.000000e+00 0.000000e+00 0.000000e+00 0.000000e+00 0.000000e+00 0.000000e+00 0.000000e+00 
   108   16    3  6.093298e-11 5.852729e-11 5.636520e-11 5.456096e-11 5.328918e-11 5.199672e-11 5.120578e-11 5.054507e-11 4.959477e-11 4.925340e-11 
   109   16    4  6.606702e-11 6.547271e-11 6.363480e-11 6.143904e-11 5.971082e-11 5.800328e-11 5.679422e-11 5.545493e-11 5.440523e-11 5.374660e-11 
   110   16    5  1.284052e-11 1.364823e-11 1.433643e-11 1.475131e-11 1.498869e-11 1.518019e-11 1.517543e-11 1.492510e-11 1.525070e-11 1.494767e-11 
   111   16    6  6.798499e-11 6.966580e-11 6.922356e-11 6.789851e-11 6.658996e-11 6.518734e-11 6.380094e-11 6.214535e-11 6.192510e-11 6.040234e-11 
   112   16    7  1.341745e-10 1.336860e-10 1.274400e-10 1.213502e-10 1.164214e-10 1.116325e-10 1.080236e-10 1.049296e-10 1.028242e-10 1.006500e-10 
   113   16    8  3.559498e-11 3.245157e-11 3.190997e-11 3.190691e-11 3.204602e-11 3.193533e-11 3.226014e-11 3.150127e-11 3.157198e-11 3.158550e-11 
   114   16    9  8.625075e-11 8.207721e-11 7.972871e-11 7.819872e-11 7.725031e-11 7.587834e-11 7.535481e-11 7.378012e-11 7.292200e-11 7.236342e-11 
   115   16   10  2.061543e-10 2.014712e-10 1.913613e-10 1.838944e-10 1.777037e-10 1.721863e-10 1.663851e-10 1.647186e-10 1.615060e-10 1.590511e-10 
   116   16   11  4.226828e-11 4.368424e-11 4.394479e-11 4.368827e-11 4.349623e-11 4.311788e-11 4.335289e-11 4.251181e-11 4.333018e-11 4.215007e-11 
   117   16   12  7.087061e-11 7.389258e-11 7.486217e-11 7.453802e-11 7.420202e-11 7.359360e-11 7.378618e-11 7.249736e-11 7.370583e-11 7.197742e-11 
   118   16   13  3.408611e-10 3.194232e-10 2.991930e-10 2.887737e-10 2.833018e-10 2.812885e-10 2.798609e-10 2.809908e-10 2.819640e-10 2.858725e-10 
   119   16   14  5.421721e-11 6.425589e-11 6.973988e-11 6.954003e-11 6.781838e-11 6.617283e-11 6.438462e-11 6.230346e-11 6.194257e-11 6.044581e-11 
   120   16   15  6.707990e-11 8.044212e-11 8.836057e-11 8.856478e-11 8.664837e-11 8.462221e-11 8.252006e-11 7.993441e-11 7.935769e-11 7.748533e-11 
   121   18    1  3.750000e-11 3.190000e-11 2.950000e-11 2.880000e-11 2.840000e-11 2.820000e-11 2.800000e-11 2.790000e-11 2.780000e-11 2.770000e-11 
   122   18    2  1.734278e-11 1.823393e-11 1.844266e-11 1.844882e-11 1.837681e-11 1.836085e-11 1.822659e-11 1.798186e-11 1.790450e-11 1.775006e-11 
   123   18    3  5.377874e-11 5.547366e-11 5.410401e-11 5.169016e-11 4.965219e-11 4.778810e-11 4.619018e-11 4.484081e-11 4.341488e-11 4.236237e-11 
   124   18    4  2.167848e-11 2.279241e-11 2.305333e-11 2.306102e-11 2.297101e-11 2.295106e-11 2.278323e-11 2.247733e-11 2.238062e-11 2.218757e-11 
   125   18    5  5.882343e-11 6.284798e-11 6.391672e-11 6.294203e-11 6.079867e-11 5.950140e-11 5.760337e-11 5.527157e-11 5.476964e-11 5.353669e-11 
   126   18    6  6.173739e-11 6.695382e-11 6.603833e-11 6.340488e-11 6.049365e-11 5.824436e-11 5.589536e-11 5.485008e-11 5.268464e-11 5.131025e-11 
   127   18    7  4.143918e-11 4.119820e-11 4.104494e-11 4.065309e-11 3.970768e-11 3.925424e-11 3.850127e-11 3.787835e-11 3.754572e-11 3.715306e-11 
   128   18    8  1.200820e-10 1.215042e-10 1.162519e-10 1.119251e-10 1.080290e-10 1.045255e-10 1.021866e-10 1.008343e-10 9.811560e-11 9.774316e-11 
   129   18    9  3.575213e-11 4.318474e-11 4.739834e-11 4.825715e-11 4.795398e-11 4.723983e-11 4.629939e-11 4.530281e-11 4.466989e-11 4.358756e-11 
   130   18   10  4.816589e-11 5.031109e-11 5.034978e-11 4.981777e-11 4.901705e-11 4.823466e-11 4.751405e-11 4.686284e-11 4.621452e-11 4.566928e-11 
   131   18   11  1.867029e-10 1.889974e-10 1.808468e-10 1.741610e-10 1.688541e-10 1.644928e-10 1.602999e-10 1.590704e-10 1.573287e-10 1.557786e-10 
   132   18   12  3.925251e-11 4.179044e-11 4.331624e-11 4.337890e-11 4.345513e-11 4.285983e-11 4.319429e-11 4.254746e-11 4.185058e-11 4.172106e-11 
   133   18   13  6.204461e-11 6.221217e-11 6.083699e-11 5.946011e-11 5.869075e-11 5.764738e-11 5.750581e-11 5.638213e-11 5.582072e-11 5.550032e-11 
   134   18   14  3.283304e-10 3.037021e-10 2.916901e-10 2.893942e-10 2.884313e-10 2.894809e-10 2.907718e-10 2.950595e-10 2.958924e-10 3.016032e-10 
   135   18   15  2.516223e-11 2.790053e-11 3.046531e-11 3.231421e-11 3.358391e-11 3.437329e-11 3.542186e-11 3.554789e-11 3.680471e-11 3.617243e-11 
   136   18   16  5.250734e-11 5.439739e-11 5.684457e-11 5.829154e-11 5.898475e-11 5.914579e-11 5.980636e-11 5.939265e-11 6.030285e-11 5.922442e-11 
   137   17    1  3.750000e-11 3.190000e-11 2.950000e-11 2.880000e-11 2.840000e-11 2.820000e-11 2.800000e-11 2.790000e-11 2.780000e-11 2.770000e-11 
   138   17    2  1.409085e-11 1.450623e-11 1.409316e-11 1.339531e-11 1.281256e-11 1.227538e-11 1.182495e-11 1.145552e-11 1.105004e-11 1.075885e-11 
   139   17    3  5.455341e-11 5.712595e-11 5.734714e-11 5.684129e-11 5.622304e-11 5.578111e-11 5.510371e-11 5.420644e-11 5.370704e-11 5.309742e-11 
   140   17    4  2.415574e-11 2.486782e-11 2.415970e-11 2.296339e-11 2.196440e-11 2.104351e-11 2.027134e-11 1.963804e-11 1.894292e-11 1.844374e-11 
   141   17    5  2.796357e-11 3.084990e-11 3.043326e-11 2.908866e-11 2.764179e-11 2.649506e-11 2.532037e-11 2.478942e-11 2.369561e-11 2.299699e-11 
   142   17    6  9.962372e-11 1.049479e-10 1.060655e-10 1.043932e-10 1.009849e-10 9.893091e-11 9.598139e-11 9.271473e-11 9.169765e-11 8.984827e-11 
   143   17    7  3.441272e-11 3.520221e-11 3.450120e-11 3.351811e-11 3.237327e-11 3.157403e-11 3.069824e-11 3.049584e-11 2.960674e-11 2.915474e-11 
   144   17    8  1.901634e-11 2.344131e-11 2.599629e-11 2.653377e-11 2.637980e-11 2.597354e-11 2.543281e-11 2.486059e-11 2.450022e-11 2.387488e-11 
   145   17    9  1.555274e-10 1.584967e-10 1.529606e-10 1.479889e-10 1.433072e-10 1.390410e-10 1.360808e-10 1.342437e-10 1.309110e-10 1.302017e-10 
   146   17   10  2.945624e-11 3.306194e-11 3.504315e-11 3.547733e-11 3.531299e-11 3.498548e-11 3.448641e-11 3.389572e-11 3.358877e-11 3.292341e-11 
   147   17   11  2.396569e-11 2.567444e-11 2.674760e-11 2.683844e-11 2.691283e-11 2.655025e-11 2.677143e-11 2.638626e-11 2.593894e-11 2.586296e-11 
   148   17   12  2.205238e-10 2.231460e-10 2.141362e-10 2.065992e-10 2.007258e-10 1.957268e-10 1.912562e-10 1.895452e-10 1.874761e-10 1.857205e-10 
   149   17   13  4.351050e-11 4.417960e-11 4.411618e-11 4.356233e-11 4.336134e-11 4.272292e-11 4.297232e-11 4.206855e-11 4.158501e-11 4.141653e-11 
   150   17   14  1.694909e-11 1.883971e-11 2.060255e-11 2.188308e-11 2.276886e-11 2.332589e-11 2.405671e-11 2.415668e-11 2.502987e-11 2.460635e-11 
   151   17   15  3.527450e-10 3.281913e-10 3.167153e-10 3.148672e-10 3.141388e-10 3.152951e-10 3.168560e-10 3.211320e-10 3.223059e-10 3.278121e-10 
   152   17   16  3.630590e-11 3.896904e-11 4.168218e-11 4.324970e-11 4.409233e-11 4.437899e-11 4.508731e-11 4.471132e-11 4.566419e-11 4.458153e-11 
   153   17   18  2.247461e-11 2.872601e-11 3.159428e-11 3.160310e-11 3.120678e-11 3.069921e-11 3.047946e-11 2.996376e-11 2.998023e-11 2.961418e-11 
   154   19    1  3.750000e-11 3.190000e-11 2.950000e-11 2.880000e-11 2.840000e-11 2.820000e-11 2.800000e-11 2.790000e-11 2.780000e-11 2.770000e-11 
   155   19    2  0.000000e+00 0.000000e+00 0.000000e+00 0.000000e+00 0.000000e+00 0.000000e+00 0.000000e+00 0.000000e+00 0.000000e+00 0.000000e+00 
   156   19    3  4.621534e-11 4.797953e-11 4.738324e-11 4.600939e-11 4.478054e-11 4.370110e-11 4.266813e-11 4.167855e-11 4.079466e-11 4.005533e-11 
   157   19    4  4.658466e-11 4.852047e-11 4.821676e-11 4.719061e-11 4.621946e-11 4.539890e-11 4.453187e-11 4.362145e-11 4.290534e-11 4.224467e-11 
   158   19    5  1.516068e-11 1.382490e-11 1.340132e-11 1.337751e-11 1.326059e-11 1.328144e-11 1.324287e-11 1.342857e-11 1.331537e-11 1.336473e-11 
   159   19    6  5.961023e-11 6.165305e-11 6.113810e-11 5.969599e-11 5.769199e-11 5.636526e-11 5.475617e-11 5.380986e-11 5.261571e-11 5.171255e-11 
   160   19    7  8.722909e-11 9.552205e-11 9.646059e-11 9.392650e-11 9.004742e-11 8.735330e-11 8.400096e-11 8.076157e-11 7.906892e-11 7.692271e-11 
   161   19    8  2.216453e-11 2.371254e-11 2.449445e-11 2.467827e-11 2.458121e-11 2.444302e-11 2.418890e-11 2.385047e-11 2.370962e-11 2.331774e-11 
   162   19    9  5.257920e-11 5.700678e-11 5.854361e-11 5.841060e-11 5.764051e-11 5.673879e-11 5.580731e-11 5.491315e-11 5.415124e-11 5.331405e-11 
   163   19   10  1.292563e-10 1.342807e-10 1.309619e-10 1.269111e-10 1.227783e-10 1.188182e-10 1.160038e-10 1.142364e-10 1.111391e-10 1.103682e-10 
   164   19   11  3.836792e-11 3.834366e-11 3.777987e-11 3.711002e-11 3.684795e-11 3.629000e-11 3.647152e-11 3.562293e-11 3.527950e-11 3.512322e-11 
   165   19   12  6.433579e-11 6.527386e-11 6.460087e-11 6.346661e-11 6.284577e-11 6.178423e-11 6.177070e-11 6.062565e-11 5.993612e-11 5.962689e-11 
   166   19   13  1.852963e-10 1.893825e-10 1.826193e-10 1.764234e-10 1.713063e-10 1.669258e-10 1.627578e-10 1.617514e-10 1.597844e-10 1.582499e-10 
   167   19   14  3.480712e-11 3.710138e-11 3.950402e-11 4.078733e-11 4.139822e-11 4.150376e-11 4.202278e-11 4.155211e-11 4.229430e-11 4.122358e-11 
   168   19   15  5.151358e-11 5.389145e-11 5.669005e-11 5.843978e-11 5.938772e-11 5.974921e-11 6.060642e-11 6.029319e-11 6.142063e-11 6.032962e-11 
   169   19   16  3.196793e-10 2.950072e-10 2.828059e-10 2.807729e-10 2.802141e-10 2.817470e-10 2.833708e-10 2.881547e-10 2.892851e-10 2.954468e-10 
   170   19   18  4.634715e-11 5.664336e-11 6.266800e-11 6.294700e-11 6.168544e-11 6.016773e-11 5.867692e-11 5.684049e-11 5.657113e-11 5.516839e-11 
   171   19   17  5.456402e-11 6.714097e-11 7.421448e-11 7.449719e-11 7.308991e-11 7.138575e-11 6.981267e-11 6.778627e-11 6.752236e-11 6.598460e-11 
   172   21    1  2.830000e-11 3.050000e-11 3.010000e-11 2.860000e-11 2.730000e-11 2.610000e-11 2.510000e-11 2.420000e-11 2.330000e-11 2.260000e-11 
   173   21    2  1.460333e-11 1.484702e-11 1.511057e-11 1.513593e-11 1.507884e-11 1.503762e-11 1.498757e-11 1.490729e-11 1.484708e-11 1.477407e-11 
   174   21    3  3.722096e-11 4.546394e-11 4.706156e-11 4.520358e-11 4.323409e-11 4.132831e-11 3.954271e-11 3.802619e-11 3.656381e-11 3.523070e-11 
   175   21    4  1.877571e-11 1.908903e-11 1.942787e-11 1.946048e-11 1.938708e-11 1.933408e-11 1.926973e-11 1.916652e-11 1.908911e-11 1.899523e-11 
   176   21    5  3.817792e-11 4.379343e-11 4.536299e-11 4.478687e-11 4.391567e-11 4.350231e-11 4.292235e-11 4.215228e-11 4.151434e-11 4.108540e-11 
   177   21    6  3.293948e-11 4.285350e-11 4.665460e-11 4.557269e-11 4.380295e-11 4.219028e-11 4.066873e-11 3.929608e-11 3.786039e-11 3.685549e-11 
   178   21    7  3.288260e-11 3.735307e-11 3.798242e-11 3.664045e-11 3.528138e-11 3.430741e-11 3.340891e-11 3.255164e-11 3.162527e-11 3.105911e-11 
   179   21    8  6.283101e-11 7.665935e-11 8.305303e-11 8.301454e-11 8.136815e-11 7.944307e-11 7.782355e-11 7.546833e-11 7.505518e-11 7.390909e-11 
   180   21    9  2.594269e-11 3.319387e-11 3.719746e-11 3.763426e-11 3.720422e-11 3.627890e-11 3.570286e-11 3.557160e-11 3.470010e-11 3.433163e-11 
   181   21   10  3.522630e-11 4.214678e-11 4.474951e-11 4.435120e-11 4.342762e-11 4.227804e-11 4.147359e-11 4.096007e-11 4.024472e-11 3.975927e-11 
   182   21   11  9.747263e-11 1.226485e-10 1.317315e-10 1.303554e-10 1.277112e-10 1.241123e-10 1.216772e-10 1.196670e-10 1.175844e-10 1.160639e-10 
   183   21   12  1.693608e-11 2.366333e-11 2.781613e-11 2.921304e-11 2.990183e-11 3.012809e-11 3.022953e-11 3.010216e-11 3.044887e-11 2.999173e-11 
   184   21   13  2.959129e-11 3.968814e-11 4.545240e-11 4.643156e-11 4.638701e-11 4.575964e-11 4.509325e-11 4.423081e-11 4.396678e-11 4.294435e-11 
   185   21   14  1.380650e-10 1.691581e-10 1.782220e-10 1.773143e-10 1.747315e-10 1.734225e-10 1.704323e-10 1.699855e-10 1.692189e-10 1.680448e-10 
   186   21   15  2.017331e-11 2.590735e-11 2.800606e-11 2.826793e-11 2.861866e-11 2.888572e-11 2.958072e-11 2.964008e-11 2.964765e-11 2.994792e-11 
   187   21   16  3.576170e-11 4.393453e-11 4.777195e-11 4.841776e-11 4.864988e-11 4.869173e-11 4.898702e-11 4.837437e-11 4.813341e-11 4.800725e-11 
   188   21   18  2.125296e-10 2.501264e-10 2.698327e-10 2.786731e-10 2.843961e-10 2.910466e-10 2.956706e-10 3.013280e-10 3.047368e-10 3.116561e-10 
   189   21   17  1.230716e-11 1.688333e-11 2.080324e-11 2.293950e-11 2.441291e-11 2.554157e-11 2.668273e-11 2.701882e-11 2.828606e-11 2.801760e-11 
   190   21   19  2.716322e-11 3.599026e-11 4.236410e-11 4.538741e-11 4.719099e-11 4.841180e-11 4.964671e-11 4.965313e-11 5.097717e-11 5.032627e-11 
   191   20    1  2.830000e-11 3.050000e-11 3.010000e-11 2.860000e-11 2.730000e-11 2.610000e-11 2.510000e-11 2.420000e-11 2.330000e-11 2.260000e-11 
   192   20    2  9.597455e-12 1.199933e-11 1.244486e-11 1.189605e-11 1.132207e-11 1.076535e-11 1.024480e-11 9.806188e-12 9.381641e-12 8.996301e-12 
   193   20    3  4.480684e-11 4.715179e-11 4.815444e-11 4.782936e-11 4.727195e-11 4.676812e-11 4.626709e-11 4.574587e-11 4.528684e-11 4.482244e-11 
   194   20    4  1.619570e-11 2.024888e-11 2.100070e-11 2.007459e-11 1.910599e-11 1.816653e-11 1.728810e-11 1.654794e-11 1.583152e-11 1.518126e-11 
   195   20    5  1.354237e-11 1.827847e-11 2.025017e-11 1.987611e-11 1.912880e-11 1.841946e-11 1.773913e-11 1.712312e-11 1.649050e-11 1.603482e-11 
   196   20    6  6.747665e-11 7.773500e-11 8.038908e-11 7.887531e-11 7.691743e-11 7.573949e-11 7.440398e-11 7.287017e-11 7.145753e-11 7.053281e-11 
   197   20    7  2.298097e-11 2.798653e-11 2.936075e-11 2.824858e-11 2.695376e-11 2.584105e-11 2.485689e-11 2.400672e-11 2.305197e-11 2.243238e-11 
   198   20    8  1.344218e-11 1.745962e-11 1.979008e-11 2.010673e-11 1.991196e-11 1.942526e-11 1.912631e-11 1.906783e-11 1.858850e-11 1.839282e-11 
   199   20    9  8.673964e-11 1.056078e-10 1.141421e-10 1.139721e-10 1.117156e-10 1.090219e-10 1.068327e-10 1.039518e-10 1.031462e-10 1.016323e-10 
   200   20   10  2.381818e-11 2.893261e-11 3.106783e-11 3.092115e-11 3.037241e-11 2.955281e-11 2.904102e-11 2.898036e-11 2.826525e-11 2.797491e-11 
   201   20   11  1.013703e-11 1.421214e-11 1.673020e-11 1.761997e-11 1.808418e-11 1.826439e-11 1.836643e-11 1.832589e-11 1.857188e-11 1.831742e-11 
   202   20   12  1.155214e-10 1.462683e-10 1.581321e-10 1.570333e-10 1.542011e-10 1.501280e-10 1.472914e-10 1.448382e-10 1.425238e-10 1.405309e-10 
   203   20   13  1.834158e-11 2.551958e-11 3.013773e-11 3.134670e-11 3.171475e-11 3.160759e-11 3.134220e-11 3.083587e-11 3.090433e-11 3.015167e-11 
   204   20   14  1.345734e-11 1.734344e-11 1.873215e-11 1.889668e-11 1.913805e-11 1.932759e-11 1.981467e-11 1.987904e-11 1.989218e-11 2.011193e-11 
   205   20   15  1.548602e-10 1.898159e-10 2.004334e-10 1.996795e-10 1.970654e-10 1.957228e-10 1.927151e-10 1.920786e-10 1.912114e-10 1.899632e-10 
   206   20   16  2.568248e-11 3.184066e-11 3.483448e-11 3.542384e-11 3.579655e-11 3.594965e-11 3.647022e-11 3.604237e-11 3.589639e-11 3.592487e-11 
   207   20   18  8.826203e-12 1.211614e-11 1.494920e-11 1.649962e-11 1.757324e-11 1.839879e-11 1.923290e-11 1.948532e-11 2.041182e-11 2.022346e-11 
   208   20   17  2.236938e-10 2.643679e-10 2.861817e-10 2.960217e-10 3.023557e-10 3.094744e-10 3.145337e-10 3.203063e-10 3.241553e-10 3.310254e-10 
   209   20   19  1.948003e-11 2.651600e-11 3.186912e-11 3.447867e-11 3.607107e-11 3.712685e-11 3.823338e-11 3.820841e-11 3.943292e-11 3.875115e-11 
   210   20   21  1.250301e-11 1.976533e-11 2.446220e-11 2.565627e-11 2.584420e-11 2.581574e-11 2.580915e-11 2.541483e-11 2.552132e-11 2.524484e-11 
   211   22    1  2.830000e-11 3.050000e-11 3.010000e-11 2.860000e-11 2.730000e-11 2.610000e-11 2.510000e-11 2.420000e-11 2.330000e-11 2.260000e-11 
   212   22    2  0.000000e+00 0.000000e+00 0.000000e+00 0.000000e+00 0.000000e+00 0.000000e+00 0.000000e+00 0.000000e+00 0.000000e+00 0.000000e+00 
   213   22    3  3.462741e-11 3.949255e-11 4.063828e-11 3.961695e-11 3.845558e-11 3.734494e-11 3.629362e-11 3.536532e-11 3.448628e-11 3.366796e-11 
   214   22    4  3.597259e-11 3.990745e-11 4.096172e-11 4.018305e-11 3.924442e-11 3.835506e-11 3.750638e-11 3.673468e-11 3.601372e-11 3.533204e-11 
   215   22    5  1.396445e-11 1.573010e-11 1.573522e-11 1.485846e-11 1.406044e-11 1.342261e-11 1.289628e-11 1.246183e-11 1.193167e-11 1.161986e-11 
   216   22    6  4.057891e-11 4.836063e-11 5.045839e-11 4.891165e-11 4.706436e-11 4.559700e-11 4.422925e-11 4.295720e-11 4.160247e-11 4.072139e-11 
   217   22    7  4.945665e-11 5.990927e-11 6.380639e-11 6.322989e-11 6.187521e-11 6.098038e-11 5.987446e-11 5.858097e-11 5.746586e-11 5.665875e-11 
   218   22    8  1.888341e-11 2.234576e-11 2.344909e-11 2.312358e-11 2.262833e-11 2.199119e-11 2.159073e-11 2.155534e-11 2.102807e-11 2.081455e-11 
   219   22    9  3.863999e-11 4.697174e-11 5.054403e-11 5.035810e-11 4.943101e-11 4.814296e-11 4.726620e-11 4.678780e-11 4.588464e-11 4.534839e-11 
   220   22   10  6.647660e-11 8.268250e-11 9.100689e-11 9.151832e-11 8.994067e-11 8.786585e-11 8.614307e-11 8.365687e-11 8.308729e-11 8.183707e-11 
   221   22   11  1.603509e-11 2.226418e-11 2.631628e-11 2.727825e-11 2.748825e-11 2.729194e-11 2.695334e-11 2.640813e-11 2.637876e-11 2.565153e-11 
   222   22   12  3.039782e-11 4.105440e-11 4.723190e-11 4.848869e-11 4.865721e-11 4.818834e-11 4.764864e-11 4.687257e-11 4.675068e-11 4.573880e-11 
   223   22   13  9.756709e-11 1.226814e-10 1.314518e-10 1.302331e-10 1.278545e-10 1.245197e-10 1.223980e-10 1.207193e-10 1.188706e-10 1.176097e-10 
   224   22   14  2.381930e-11 2.928585e-11 3.212935e-11 3.272955e-11 3.305809e-11 3.315949e-11 3.356269e-11 3.305871e-11 3.289003e-11 3.284035e-11 
   225   22   15  3.628098e-11 4.487683e-11 4.875209e-11 4.937954e-11 4.967455e-11 4.978294e-11 5.022564e-11 4.971377e-11 4.950817e-11 4.948078e-11 
   226   22   16  1.338997e-10 1.648373e-10 1.731186e-10 1.718909e-10 1.692674e-10 1.680576e-10 1.652117e-10 1.652275e-10 1.646018e-10 1.636789e-10 
   227   22   18  1.903541e-11 2.587678e-11 3.097183e-11 3.339914e-11 3.483781e-11 3.575377e-11 3.672413e-11 3.661181e-11 3.768448e-11 3.697809e-11 
   228   22   17  2.658343e-11 3.536625e-11 4.186205e-11 4.501244e-11 4.694159e-11 4.828022e-11 4.963418e-11 4.972376e-11 5.118637e-11 5.055598e-11 
   229   22   19  2.063812e-10 2.417570e-10 2.601661e-10 2.685884e-10 2.742206e-10 2.809660e-10 2.856417e-10 2.916644e-10 2.951291e-10 3.024659e-10 
   230   22   21  3.011026e-11 4.554348e-11 5.367399e-11 5.483538e-11 5.407382e-11 5.312088e-11 5.202817e-11 5.052531e-11 5.039686e-11 4.931289e-11 
   231   22   20  3.397851e-11 5.165610e-11 6.123593e-11 6.276469e-11 6.205981e-11 6.109700e-11 6.000096e-11 5.837544e-11 5.827948e-11 5.710946e-11 
