!MOLECULE
HCN
!MOLECULAR WEIGHT
27.0
!NUMBER OF ENERGY LEVELS
30
!LEVEL + ENERGIES(cm^-1) + WEIGHT + J
    1        0.0000    1.0     0
    2        2.9564    3.0     1
    3        8.8692    5.0     2
    4       17.7382    7.0     3
    5       29.5633    9.0     4
    6       44.3440   11.0     5
    7       62.0802   13.0     6
    8       82.7713   15.0     7
    9      106.4169   17.0     8
   10      133.0164   19.0     9
   11      162.5692   21.0    10
   12      195.0746   23.0    11
   13      230.5318   25.0    12
   14      268.9400   27.0    13
   15      310.2983   29.0    14
   16      354.6057   31.0    15
   17      401.8612   33.0    16
   18      452.0636   35.0    17
   19      505.2117   37.0    18
   20      561.3044   39.0    19
   21      620.3402   41.0    20
   22      682.3178   43.0    21
   23      747.2357   45.0    22
   24      815.0925   47.0    23
   25      885.8864   49.0    24
   26      959.6158   51.0    25
   27     1036.2790   53.0    26
   28     1115.8742   55.0    27
   29     1198.3995   57.0    28
   30     1283.8529   59.0    29
!NUMBER OF RADIATIVE TRANSITIONS
29
!TRANS + UP + LOW + EINSTEINA(s^-1) + FREQ(GHz) + E_u(K)
    1     2     1   2.4075e-05      88.6316023      4.25
    2     3     2   2.3108e-04     177.2611115     12.76
    3     4     3   8.3559e-04     265.8864343     25.52
    4     5     4   2.0540e-03     354.5054779     42.53
    5     6     5   4.1022e-03     443.1161493     63.80
    6     7     6   7.1971e-03     531.7163479     89.32
    7     8     7   1.1553e-02     620.3040022    119.09
    8     9     8   1.7387e-02     708.8770051    153.11
    9    10     9   2.4912e-02     797.4332623    191.38
   10    11    10   3.4347e-02     885.9706949    233.90
   11    12    11   4.5907e-02     974.4871998    280.67
   12    13    12   5.9802e-02    1062.9806890    331.68
   13    14    13   7.6233e-02    1151.4490880    386.94
   14    15    14   9.5438e-02    1239.8903028    446.45
   15    16    15   1.1762e-01    1328.3022330    510.19
   16    17    16   1.4300e-01    1416.6828001    578.18
   17    18    17   1.7177e-01    1505.0299181    650.41
   18    19    18   2.0411e-01    1593.3415025    726.88
   19    20    19   2.4030e-01    1681.6154694    807.59
   20    21    20   2.8048e-01    1769.8497560    892.52
   21    22    21   3.2495e-01    1858.0422210    981.70
   22    23    22   3.7376e-01    1946.1908800   1075.10
   23    24    23   4.2732e-01    2034.2935280   1172.73
   24    25    24   4.8571e-01    2122.3481928   1274.58
   25    26    25   5.4901e-01    2210.3527632   1380.66
   26    27    26   6.1768e-01    2298.3051647   1490.96
   27    28    27   6.9185e-01    2386.2033241   1605.48
   28    29    28   7.7150e-01    2474.0451700   1724.22
   29    30    29   8.5711e-01    2561.8286325   1847.16
!NUMBER OF COLL PARTNERS
1
!COLLISIONS BETWEEN
1 HCN-H2 scaled (*1.37) HCN-He from Green & Thaddeus (1974) + Green unpublished rates + extrapolation
!NUMBER OF COLL TRANS
435
!NUMBER OF COLL TEMPS
14
!COLL TEMPS
    5.0   10.0   20.0   30.0   40.0   60.0  100.0  200.0  300.0  400.0  600.0  800.0 1000.0 1200.0
!TRANS + UP + LOW + COLLRATES(cm^3 s^-1)
    1     2     1  1.3e-11 1.1e-11 9.2e-12 8.4e-12 7.9e-12 7.5e-12 7.4e-12 6.7e-12 6.2e-12 6.0e-12 5.8e-12 5.7e-12 5.7e-12 5.7e-12
    2     3     1  2.9e-11 3.3e-11 3.6e-11 3.8e-11 3.9e-11 4.0e-11 3.9e-11 4.1e-11 4.1e-11 4.2e-11 4.3e-11 4.5e-11 4.6e-11 4.7e-11
    3     3     2  1.6e-11 1.6e-11 1.5e-11 1.5e-11 1.4e-11 1.4e-11 1.3e-11 1.3e-11 1.3e-11 1.2e-11 1.2e-11 1.2e-11 1.2e-11 1.3e-11
    4     4     1  1.2e-12 1.6e-12 2.1e-12 2.2e-12 2.5e-12 2.6e-12 2.8e-12 3.0e-12 3.0e-12 3.1e-12 3.1e-12 3.1e-12 3.2e-12 3.2e-12
    5     4     2  5.9e-11 6.4e-11 6.8e-11 6.9e-11 7.0e-11 7.1e-11 6.3e-11 6.9e-11 7.3e-11 7.5e-11 7.9e-11 8.2e-11 8.5e-11 8.8e-11
    6     4     3  1.5e-11 1.5e-11 1.6e-11 1.6e-11 1.6e-11 1.6e-11 1.6e-11 1.6e-11 1.6e-11 1.6e-11 1.6e-11 1.6e-11 1.7e-11 1.7e-11
    7     5     1  5.6e-12 6.2e-12 7.0e-12 7.5e-12 8.1e-12 9.0e-12 9.3e-12 1.1e-11 1.3e-11 1.3e-11 1.5e-11 1.5e-11 1.6e-11 1.6e-11
    8     5     2  3.0e-12 3.4e-12 4.4e-12 4.9e-12 5.3e-12 6.0e-12 6.5e-12 7.2e-12 7.4e-12 7.5e-12 7.6e-12 7.7e-12 7.8e-12 7.9e-12
    9     5     3  6.5e-11 7.1e-11 7.6e-11 7.8e-11 7.9e-11 8.2e-11 7.5e-11 8.1e-11 8.6e-11 8.9e-11 9.5e-11 9.9e-11 1.0e-10 1.1e-10
   10     5     4  1.9e-11 1.7e-11 1.6e-11 1.7e-11 1.7e-11 1.7e-11 1.6e-11 1.8e-11 1.8e-11 1.8e-11 1.8e-11 1.9e-11 1.9e-11 1.9e-11
   11     6     1  4.1e-13 6.9e-13 8.2e-13 1.1e-12 1.2e-12 1.4e-12 1.6e-12 1.9e-12 2.0e-12 2.1e-12 2.1e-12 2.2e-12 2.2e-12 2.2e-12
   12     6     2  9.0e-12 1.2e-11 1.5e-11 1.6e-11 1.7e-11 1.9e-11 1.9e-11 2.4e-11 2.7e-11 2.9e-11 3.2e-11 3.3e-11 3.5e-11 3.6e-11
   13     6     3  2.6e-12 4.0e-12 5.3e-12 6.2e-12 6.7e-12 7.7e-12 8.2e-12 9.4e-12 9.9e-12 1.0e-11 1.0e-11 1.1e-11 1.1e-11 1.1e-11
   14     6     4  5.7e-11 7.6e-11 8.5e-11 8.7e-11 8.8e-11 9.1e-11 8.1e-11 8.6e-11 9.1e-11 9.6e-11 1.0e-10 1.1e-10 1.1e-10 1.2e-10
   15     6     5  1.3e-11 1.7e-11 1.9e-11 1.9e-11 1.9e-11 2.0e-11 1.7e-11 1.8e-11 1.9e-11 1.9e-11 2.0e-11 2.0e-11 2.1e-11 2.1e-11
   16     7     1  2.1e-12 2.1e-12 2.3e-12 2.7e-12 3.0e-12 3.6e-12 3.7e-12 5.0e-12 5.8e-12 6.5e-12 7.3e-12 7.8e-12 8.1e-12 8.3e-12
   17     7     2  1.6e-12 1.6e-12 2.1e-12 2.5e-12 2.9e-12 3.7e-12 3.7e-12 4.5e-12 4.8e-12 5.0e-12 5.2e-12 5.3e-12 5.4e-12 5.4e-12
   18     7     3  2.2e-11 2.1e-11 2.2e-11 2.3e-11 2.4e-11 2.6e-11 2.5e-11 3.0e-11 3.4e-11 3.7e-11 4.1e-11 4.3e-11 4.5e-11 4.7e-11
   19     7     4  4.1e-12 5.2e-12 6.7e-12 7.7e-12 8.6e-12 1.1e-11 9.5e-12 1.1e-11 1.2e-11 1.2e-11 1.2e-11 1.3e-11 1.3e-11 1.3e-11
   20     7     5  1.1e-10 1.1e-10 1.0e-10 1.0e-10 1.0e-10 1.0e-10 8.9e-11 9.1e-11 9.5e-11 1.0e-10 1.1e-10 1.1e-10 1.2e-10 1.2e-10
   21     7     6  1.7e-11 1.8e-11 1.9e-11 1.9e-11 2.0e-11 2.3e-11 1.8e-11 1.9e-11 2.0e-11 2.0e-11 2.1e-11 2.1e-11 2.2e-11 2.2e-11
   22     8     1  4.1e-13 4.1e-13 5.5e-13 5.5e-13 8.2e-13 1.2e-12 9.3e-13 1.2e-12 1.3e-12 1.3e-12 1.4e-12 1.4e-12 1.5e-12 1.5e-12
   23     8     2  4.0e-12 4.7e-12 5.5e-12 6.2e-12 6.9e-12 8.2e-12 8.1e-12 1.1e-11 1.3e-11 1.5e-11 1.7e-11 1.8e-11 1.9e-11 1.9e-11
   24     8     3  2.2e-12 2.6e-12 3.3e-12 4.0e-12 4.9e-12 7.1e-12 5.1e-12 6.2e-12 6.8e-12 7.1e-12 7.4e-12 7.6e-12 7.7e-12 7.8e-12
   25     8     4  2.3e-11 2.6e-11 2.8e-11 2.9e-11 3.0e-11 3.2e-11 2.9e-11 3.5e-11 3.9e-11 4.2e-11 4.6e-11 5.0e-11 5.2e-11 5.4e-11
   26     8     5  4.2e-12 6.4e-12 8.9e-12 1.1e-11 1.2e-11 1.6e-11 1.0e-11 1.2e-11 1.3e-11 1.3e-11 1.4e-11 1.4e-11 1.5e-11 1.5e-11
   27     8     6  8.9e-11 1.1e-10 1.1e-10 1.1e-10 1.1e-10 1.1e-10 9.3e-11 9.4e-11 9.8e-11 1.0e-10 1.1e-10 1.2e-10 1.2e-10 1.3e-10
   28     8     7  1.1e-11 1.7e-11 2.1e-11 2.2e-11 2.4e-11 2.8e-11 1.8e-11 1.9e-11 2.0e-11 2.1e-11 2.2e-11 2.2e-11 2.3e-11 2.3e-11
   29     9     1  1.3e-13 1.6e-13 2.4e-13 2.9e-13 4.3e-13 6.5e-13 1.5e-12 2.2e-12 2.8e-12 3.3e-12 3.9e-12 4.3e-12 4.6e-12 4.8e-12
   30     9     2  5.9e-13 6.5e-13 9.4e-13 1.0e-12 1.5e-12 2.4e-12 2.2e-12 2.9e-12 3.3e-12 3.5e-12 3.7e-12 3.8e-12 3.9e-12 3.9e-12
   31     9     3  2.2e-12 2.7e-12 3.6e-12 4.5e-12 5.3e-12 6.9e-12 1.1e-11 1.4e-11 1.7e-11 1.9e-11 2.2e-11 2.4e-11 2.6e-11 2.7e-11
   32     9     4  9.7e-13 1.4e-12 2.1e-12 2.7e-12 3.6e-12 4.9e-12 6.0e-12 7.4e-12 8.0e-12 8.5e-12 8.9e-12 9.2e-12 9.4e-12 9.6e-12
   33     9     5  5.2e-12 7.7e-12 1.1e-11 1.4e-11 1.6e-11 2.0e-11 3.3e-11 3.8e-11 4.2e-11 4.5e-11 5.0e-11 5.4e-11 5.6e-11 5.8e-11
   34     9     6  1.5e-12 2.5e-12 4.1e-12 5.1e-12 6.6e-12 8.5e-12 1.1e-11 1.3e-11 1.3e-11 1.4e-11 1.5e-11 1.5e-11 1.6e-11 1.6e-11
   35     9     7  1.5e-11 2.7e-11 4.4e-11 5.4e-11 6.1e-11 7.0e-11 9.8e-11 9.7e-11 1.0e-10 1.0e-10 1.1e-10 1.2e-10 1.2e-10 1.3e-10
   36     9     8  4.8e-12 7.9e-12 1.1e-11 1.2e-11 1.4e-11 1.6e-11 1.9e-11 2.0e-11 2.1e-11 2.2e-11 2.2e-11 2.3e-11 2.4e-11 2.4e-11
   37    10     1  7.4e-14 9.1e-14 1.4e-13 1.8e-13 2.7e-13 4.4e-13 6.0e-13 8.1e-13 9.2e-13 9.9e-13 1.1e-12 1.1e-12 1.1e-12 1.2e-12
   38    10     2  2.3e-13 2.9e-13 4.5e-13 5.7e-13 8.6e-13 1.4e-12 3.5e-12 5.0e-12 6.4e-12 7.6e-12 9.3e-12 1.0e-11 1.1e-11 1.2e-11
   39    10     3  5.6e-13 6.7e-13 1.0e-12 1.2e-12 1.8e-12 2.9e-12 3.2e-12 4.2e-12 4.7e-12 5.0e-12 5.3e-12 5.6e-12 5.7e-12 5.8e-12
   40    10     4  1.9e-12 2.4e-12 3.5e-12 4.5e-12 5.5e-12 7.3e-12 1.3e-11 1.7e-11 2.0e-11 2.2e-11 2.6e-11 2.8e-11 3.0e-11 3.1e-11
   41    10     5  7.6e-13 1.2e-12 1.9e-12 2.5e-12 3.5e-12 4.9e-12 6.9e-12 8.4e-12 9.1e-12 9.6e-12 1.0e-11 1.1e-11 1.1e-11 1.1e-11
   42    10     6  4.1e-12 6.5e-12 1.0e-11 1.3e-11 1.6e-11 2.0e-11 3.8e-11 4.2e-11 4.5e-11 4.8e-11 5.3e-11 5.7e-11 6.0e-11 6.2e-11
   43    10     7  1.1e-12 2.1e-12 3.6e-12 4.7e-12 6.2e-12 8.1e-12 1.2e-11 1.3e-11 1.4e-11 1.5e-11 1.6e-11 1.6e-11 1.7e-11 1.7e-11
   44    10     8  1.1e-11 2.3e-11 3.9e-11 5.0e-11 5.7e-11 6.7e-11 1.0e-10 1.0e-10 1.0e-10 1.1e-10 1.1e-10 1.2e-10 1.2e-10 1.3e-10
   45    10     9  3.6e-12 6.5e-12 9.6e-12 1.1e-11 1.3e-11 1.5e-11 1.9e-11 2.0e-11 2.1e-11 2.2e-11 2.3e-11 2.4e-11 2.5e-11 2.5e-11
   46    11     1  4.1e-14 5.1e-14 8.2e-14 1.1e-13 1.7e-13 3.0e-13 7.8e-13 1.2e-12 1.5e-12 1.9e-12 2.4e-12 2.7e-12 3.0e-12 3.1e-12
   47    11     2  1.3e-13 1.6e-13 2.6e-13 3.4e-13 5.5e-13 9.4e-13 1.5e-12 2.1e-12 2.4e-12 2.6e-12 2.8e-12 2.9e-12 3.0e-12 3.1e-12
   48    11     3  2.2e-13 3.0e-13 4.9e-13 6.4e-13 1.0e-12 1.7e-12 4.9e-12 6.9e-12 8.7e-12 1.0e-11 1.3e-11 1.5e-11 1.6e-11 1.7e-11
   49    11     4  4.8e-13 6.0e-13 9.9e-13 1.2e-12 1.9e-12 3.1e-12 4.1e-12 5.2e-12 5.8e-12 6.2e-12 6.7e-12 7.0e-12 7.2e-12 7.4e-12
   50    11     5  1.5e-12 2.1e-12 3.2e-12 4.3e-12 5.4e-12 7.3e-12 1.6e-11 1.9e-11 2.2e-11 2.5e-11 2.9e-11 3.1e-11 3.3e-11 3.5e-11
   51    11     6  5.9e-13 1.0e-12 1.7e-12 2.4e-12 3.3e-12 4.8e-12 8.1e-12 9.3e-12 1.0e-11 1.1e-11 1.1e-11 1.2e-11 1.2e-11 1.2e-11
   52    11     7  3.2e-12 5.5e-12 9.3e-12 1.2e-11 1.5e-11 1.9e-11 4.2e-11 4.5e-11 4.8e-11 5.1e-11 5.5e-11 5.9e-11 6.2e-11 6.4e-11
   53    11     8  8.7e-13 1.7e-12 3.2e-12 4.3e-12 5.7e-12 7.7e-12 1.3e-11 1.4e-11 1.5e-11 1.5e-11 1.6e-11 1.7e-11 1.8e-11 1.8e-11
   54    11     9  8.5e-12 1.9e-11 3.5e-11 4.5e-11 5.3e-11 6.4e-11 1.1e-10 1.0e-10 1.1e-10 1.1e-10 1.1e-10 1.2e-10 1.3e-10 1.3e-10
   55    11    10  2.8e-12 5.3e-12 8.4e-12 1.0e-11 1.2e-11 1.4e-11 1.9e-11 2.1e-11 2.2e-11 2.2e-11 2.3e-11 2.4e-11 2.5e-11 2.6e-11
   56    12     1  2.3e-14 2.8e-14 4.8e-14 6.5e-14 1.1e-13 2.0e-13 3.8e-13 5.6e-13 6.5e-13 7.2e-13 7.9e-13 8.4e-13 8.7e-13 8.9e-13
   57    12     2  7.0e-14 9.0e-14 1.5e-13 2.1e-13 3.5e-13 6.4e-13 1.8e-12 2.8e-12 3.6e-12 4.4e-12 5.7e-12 6.7e-12 7.4e-12 7.8e-12
   58    12     3  1.3e-13 1.7e-13 2.9e-13 3.9e-13 6.5e-13 1.1e-12 2.2e-12 3.0e-12 3.5e-12 3.8e-12 4.1e-12 4.4e-12 4.5e-12 4.6e-12
   59    12     4  1.9e-13 2.7e-13 4.7e-13 6.4e-13 1.0e-12 1.8e-12 6.1e-12 8.2e-12 1.0e-11 1.2e-11 1.5e-11 1.7e-11 1.9e-11 2.0e-11
   60    12     5  3.9e-13 5.2e-13 9.2e-13 1.1e-12 1.8e-12 3.1e-12 4.8e-12 6.0e-12 6.7e-12 7.1e-12 7.8e-12 8.1e-12 8.4e-12 8.6e-12
   61    12     6  1.2e-12 1.8e-12 2.9e-12 4.1e-12 5.2e-12 7.2e-12 1.8e-11 2.1e-11 2.4e-11 2.6e-11 3.1e-11 3.3e-11 3.6e-11 3.7e-11
   62    12     7  4.6e-13 8.4e-13 1.5e-12 2.2e-12 3.1e-12 4.6e-12 8.9e-12 1.0e-11 1.1e-11 1.1e-11 1.2e-11 1.3e-11 1.3e-11 1.3e-11
   63    12     8  2.5e-12 4.5e-12 8.2e-12 1.1e-11 1.4e-11 1.8e-11 4.5e-11 4.7e-11 5.0e-11 5.3e-11 5.7e-11 6.1e-11 6.4e-11 6.6e-11
   64    12     9  6.6e-13 1.4e-12 2.8e-12 3.9e-12 5.3e-12 7.3e-12 1.4e-11 1.5e-11 1.5e-11 1.6e-11 1.7e-11 1.8e-11 1.8e-11 1.9e-11
   65    12    10  6.6e-12 1.5e-11 3.1e-11 4.1e-11 4.9e-11 6.1e-11 1.1e-10 1.0e-10 1.1e-10 1.1e-10 1.1e-10 1.2e-10 1.3e-10 1.3e-10
   66    12    11  2.1e-12 4.3e-12 7.3e-12 9.2e-12 1.1e-11 1.4e-11 1.9e-11 2.1e-11 2.2e-11 2.2e-11 2.4e-11 2.5e-11 2.5e-11 2.6e-11
   67    13     1  1.2e-14 1.6e-14 2.8e-14 3.9e-14 7.1e-14 1.4e-13 4.2e-13 6.6e-13 8.9e-13 1.1e-12 1.5e-12 1.8e-12 2.0e-12 2.1e-12
   68    13     2  3.9e-14 5.1e-14 9.0e-14 1.2e-13 2.2e-13 4.3e-13 9.7e-13 1.4e-12 1.7e-12 1.9e-12 2.1e-12 2.3e-12 2.4e-12 2.5e-12
   69    13     3  7.0e-14 9.4e-14 1.7e-13 2.3e-13 4.1e-13 7.8e-13 2.5e-12 3.7e-12 4.9e-12 6.0e-12 7.9e-12 9.3e-12 1.0e-11 1.1e-11
   70    13     4  1.1e-13 1.5e-13 2.8e-13 3.9e-13 6.6e-13 1.2e-12 2.7e-12 3.7e-12 4.3e-12 4.7e-12 5.2e-12 5.5e-12 5.8e-12 5.9e-12
   71    13     5  1.6e-13 2.3e-13 4.4e-13 6.1e-13 1.0e-12 1.8e-12 7.1e-12 9.2e-12 1.1e-11 1.3e-11 1.7e-11 1.9e-11 2.1e-11 2.2e-11
   72    13     6  3.2e-13 4.4e-13 8.3e-13 1.0e-12 1.7e-12 3.0e-12 5.3e-12 6.5e-12 7.3e-12 7.9e-12 8.6e-12 9.0e-12 9.4e-12 9.6e-12
   73    13     7  9.7e-13 1.5e-12 2.6e-12 3.8e-12 4.9e-12 7.0e-12 1.9e-11 2.2e-11 2.5e-11 2.8e-11 3.2e-11 3.5e-11 3.7e-11 3.9e-11
   74    13     8  3.6e-13 7.0e-13 1.3e-12 2.0e-12 2.9e-12 4.3e-12 9.4e-12 1.0e-11 1.1e-11 1.2e-11 1.3e-11 1.3e-11 1.4e-11 1.4e-11
   75    13     9  1.9e-12 3.8e-12 7.3e-12 1.0e-11 1.3e-11 1.7e-11 4.7e-11 4.9e-11 5.2e-11 5.4e-11 5.9e-11 6.2e-11 6.5e-11 6.8e-11
   76    13    10  5.2e-13 1.2e-12 2.5e-12 3.5e-12 4.9e-12 6.8e-12 1.4e-11 1.5e-11 1.6e-11 1.6e-11 1.7e-11 1.8e-11 1.9e-11 1.9e-11
   77    13    11  5.1e-12 1.3e-11 2.7e-11 3.7e-11 4.5e-11 5.7e-11 1.1e-10 1.1e-10 1.1e-10 1.1e-10 1.2e-10 1.2e-10 1.3e-10 1.3e-10
   78    13    12  1.6e-12 3.5e-12 6.4e-12 8.2e-12 1.0e-11 1.3e-11 2.0e-11 2.1e-11 2.2e-11 2.3e-11 2.4e-11 2.5e-11 2.6e-11 2.7e-11
   79    14     1  6.9e-15 8.9e-15 1.7e-14 2.4e-14 4.5e-14 9.3e-14 2.5e-13 4.1e-13 5.0e-13 5.6e-13 6.4e-13 6.9e-13 7.3e-13 7.5e-13
   80    14     2  2.2e-14 2.8e-14 5.3e-14 7.5e-14 1.4e-13 2.9e-13 9.9e-13 1.6e-12 2.1e-12 2.7e-12 3.6e-12 4.4e-12 5.0e-12 5.4e-12
   81    14     3  3.9e-14 5.3e-14 9.9e-14 1.4e-13 2.6e-13 5.2e-13 1.4e-12 2.1e-12 2.5e-12 2.8e-12 3.2e-12 3.5e-12 3.6e-12 3.8e-12
   82    14     4  6.1e-14 8.6e-14 1.6e-13 2.3e-13 4.2e-13 8.2e-13 3.1e-12 4.5e-12 5.8e-12 7.1e-12 9.4e-12 1.1e-11 1.2e-11 1.3e-11
   83    14     5  9.1e-14 1.3e-13 2.6e-13 3.7e-13 6.5e-13 1.2e-12 3.1e-12 4.2e-12 4.9e-12 5.4e-12 6.0e-12 6.5e-12 6.8e-12 7.0e-12
   84    14     6  1.3e-13 2.0e-13 3.9e-13 5.7e-13 9.7e-13 1.8e-12 8.0e-12 1.0e-11 1.3e-11 1.5e-11 1.8e-11 2.0e-11 2.2e-11 2.4e-11
   85    14     7  2.5e-13 3.8e-13 7.4e-13 9.5e-13 1.6e-12 2.9e-12 5.9e-12 7.1e-12 7.9e-12 8.4e-12 9.2e-12 9.8e-12 1.0e-11 1.0e-11
   86    14     8  7.8e-13 1.3e-12 2.4e-12 3.5e-12 4.6e-12 6.7e-12 2.0e-11 2.4e-11 2.7e-11 2.9e-11 3.3e-11 3.6e-11 3.9e-11 4.1e-11
   87    14     9  2.9e-13 5.8e-13 1.2e-12 1.8e-12 2.7e-12 4.1e-12 1.0e-11 1.1e-11 1.2e-11 1.2e-11 1.3e-11 1.4e-11 1.4e-11 1.5e-11
   88    14    10  1.5e-12 3.2e-12 6.4e-12 9.2e-12 1.2e-11 1.7e-11 4.7e-11 5.0e-11 5.3e-11 5.6e-11 6.0e-11 6.3e-11 6.6e-11 6.9e-11
   89    14    11  4.0e-13 9.5e-13 2.2e-12 3.2e-12 4.5e-12 6.4e-12 1.6e-11 1.6e-11 1.7e-11 1.7e-11 1.8e-11 1.9e-11 1.9e-11 2.0e-11
   90    14    12  4.0e-12 1.0e-11 2.3e-11 3.3e-11 4.2e-11 5.4e-11 1.0e-10 1.0e-10 1.1e-10 1.1e-10 1.2e-10 1.2e-10 1.3e-10 1.3e-10
   91    14    13  1.3e-12 2.9e-12 5.5e-12 7.4e-12 9.2e-12 1.2e-11 2.2e-11 2.3e-11 2.3e-11 2.4e-11 2.5e-11 2.6e-11 2.6e-11 2.7e-11
   92    15     1  3.8e-15 5.0e-15 9.8e-15 1.4e-14 2.9e-14 6.3e-14 2.3e-13 3.9e-13 5.3e-13 6.7e-13 9.4e-13 1.2e-12 1.3e-12 1.5e-12
   93    15     2  1.2e-14 1.6e-14 3.1e-14 4.5e-14 9.1e-14 2.0e-13 6.5e-13 1.0e-12 1.3e-12 1.5e-12 1.7e-12 1.9e-12 2.0e-12 2.1e-12
   94    15     3  2.2e-14 3.0e-14 5.8e-14 8.5e-14 1.7e-13 3.6e-13 1.4e-12 2.2e-12 3.0e-12 3.7e-12 5.0e-12 6.1e-12 7.0e-12 7.7e-12
   95    15     4  3.5e-14 4.8e-14 9.6e-14 1.4e-13 2.7e-13 5.6e-13 1.8e-12 2.6e-12 3.2e-12 3.5e-12 4.1e-12 4.4e-12 4.6e-12 4.8e-12
   96    15     5  5.2e-14 7.5e-14 1.5e-13 2.2e-13 4.1e-13 8.2e-13 3.7e-12 5.2e-12 6.6e-12 8.0e-12 1.0e-11 1.2e-11 1.4e-11 1.5e-11
   97    15     6  7.5e-14 1.1e-13 2.3e-13 3.4e-13 6.1e-13 1.2e-12 3.7e-12 4.8e-12 5.5e-12 6.0e-12 6.7e-12 7.2e-12 7.6e-12 7.8e-12
   98    15     7  1.1e-13 1.7e-13 3.5e-13 5.2e-13 9.1e-13 1.7e-12 8.9e-12 1.1e-11 1.4e-11 1.6e-11 1.9e-11 2.2e-11 2.4e-11 2.5e-11
   99    15     8  2.1e-13 3.2e-13 6.6e-13 8.7e-13 1.5e-12 2.8e-12 6.7e-12 7.8e-12 8.5e-12 9.0e-12 9.8e-12 1.0e-11 1.1e-11 1.1e-11
  100    15     9  6.3e-13 1.1e-12 2.1e-12 3.2e-12 4.3e-12 6.4e-12 2.1e-11 2.5e-11 2.8e-11 3.0e-11 3.4e-11 3.7e-11 4.0e-11 4.2e-11
  101    15    10  2.3e-13 4.9e-13 1.0e-12 1.6e-12 2.5e-12 3.9e-12 1.1e-11 1.2e-11 1.3e-11 1.3e-11 1.4e-11 1.4e-11 1.5e-11 1.5e-11
  102    15    11  1.2e-12 2.6e-12 5.6e-12 8.3e-12 1.1e-11 1.6e-11 4.6e-11 5.1e-11 5.4e-11 5.7e-11 6.1e-11 6.4e-11 6.7e-11 7.0e-11
  103    15    12  3.2e-13 7.9e-13 1.9e-12 2.8e-12 4.1e-12 6.0e-12 1.7e-11 1.7e-11 1.7e-11 1.8e-11 1.8e-11 1.9e-11 2.0e-11 2.0e-11
  104    15    13  3.2e-12 8.7e-12 2.0e-11 3.0e-11 3.8e-11 5.0e-11 9.8e-11 1.0e-10 1.1e-10 1.1e-10 1.2e-10 1.2e-10 1.3e-10 1.3e-10
  105    15    14  1.0e-12 2.4e-12 4.8e-12 6.6e-12 8.4e-12 1.1e-11 2.2e-11 2.3e-11 2.4e-11 2.4e-11 2.5e-11 2.6e-11 2.7e-11 2.7e-11
  106    16     1  2.1e-15 2.8e-15 5.8e-15 8.6e-15 1.8e-14 4.3e-14 1.7e-13 2.9e-13 3.8e-13 4.4e-13 5.1e-13 5.7e-13 6.0e-13 6.3e-13
  107    16     2  6.6e-15 8.9e-15 1.8e-14 2.7e-14 5.8e-14 1.3e-13 5.8e-13 9.7e-13 1.3e-12 1.6e-12 2.3e-12 2.9e-12 3.4e-12 3.8e-12
  108    16     3  1.2e-14 1.7e-14 3.4e-14 5.2e-14 1.1e-13 2.4e-13 9.6e-13 1.5e-12 1.9e-12 2.2e-12 2.6e-12 2.8e-12 3.0e-12 3.2e-12
  109    16     4  1.9e-14 2.7e-14 5.7e-14 8.5e-14 1.7e-13 3.8e-13 1.9e-12 2.8e-12 3.6e-12 4.4e-12 6.0e-12 7.4e-12 8.5e-12 9.4e-12
  110    16     5  2.9e-14 4.3e-14 8.9e-14 1.3e-13 2.6e-13 5.6e-13 2.2e-12 3.1e-12 3.7e-12 4.1e-12 4.7e-12 5.2e-12 5.5e-12 5.7e-12
  111    16     6  4.3e-14 6.5e-14 1.4e-13 2.1e-13 3.9e-13 8.0e-13 4.4e-12 5.9e-12 7.4e-12 8.8e-12 1.1e-11 1.3e-11 1.5e-11 1.6e-11
  112    16     7  6.2e-14 9.8e-14 2.1e-13 3.2e-13 5.8e-13 1.1e-12 4.2e-12 5.3e-12 6.0e-12 6.5e-12 7.3e-12 7.8e-12 8.2e-12 8.5e-12
  113    16     8  8.6e-14 1.4e-13 3.1e-13 4.8e-13 8.4e-13 1.6e-12 9.7e-12 1.2e-11 1.4e-11 1.7e-11 2.0e-11 2.3e-11 2.5e-11 2.6e-11
  114    16     9  1.7e-13 2.7e-13 5.8e-13 7.9e-13 1.4e-12 2.6e-12 7.5e-12 8.5e-12 9.1e-12 9.6e-12 1.0e-11 1.1e-11 1.1e-11 1.2e-11
  115    16    10  5.2e-13 9.1e-13 1.8e-12 2.9e-12 3.9e-12 6.0e-12 2.1e-11 2.6e-11 2.9e-11 3.1e-11 3.5e-11 3.8e-11 4.1e-11 4.3e-11
  116    16    11  1.8e-13 4.1e-13 9.1e-13 1.5e-12 2.2e-12 3.6e-12 1.2e-11 1.3e-11 1.3e-11 1.4e-11 1.4e-11 1.5e-11 1.5e-11 1.6e-11
  117    16    12  9.9e-13 2.2e-12 4.9e-12 7.5e-12 1.0e-11 1.5e-11 4.5e-11 5.2e-11 5.5e-11 5.8e-11 6.2e-11 6.5e-11 6.8e-11 7.0e-11
  118    16    13  2.6e-13 6.6e-13 1.6e-12 2.5e-12 3.7e-12 5.6e-12 1.8e-11 1.8e-11 1.8e-11 1.8e-11 1.9e-11 2.0e-11 2.0e-11 2.1e-11
  119    16    14  2.6e-12 7.2e-12 1.8e-11 2.7e-11 3.5e-11 4.7e-11 9.4e-11 1.0e-10 1.1e-10 1.1e-10 1.2e-10 1.2e-10 1.3e-10 1.3e-10
  120    16    15  8.1e-13 2.0e-12 4.2e-12 5.8e-12 7.6e-12 1.0e-11 2.2e-11 2.4e-11 2.4e-11 2.5e-11 2.6e-11 2.7e-11 2.7e-11 2.8e-11
  121    17     1  1.2e-15 1.6e-15 3.4e-15 5.2e-15 1.2e-14 2.9e-14 1.4e-13 2.5e-13 3.3e-13 4.2e-13 6.0e-13 7.7e-13 9.2e-13 1.0e-12
  122    17     2  3.7e-15 5.0e-15 1.1e-14 1.7e-14 3.7e-14 9.1e-14 4.3e-13 7.6e-13 9.9e-13 1.2e-12 1.4e-12 1.5e-12 1.6e-12 1.7e-12
  123    17     3  6.8e-15 9.4e-15 2.0e-14 3.1e-14 6.8e-14 1.6e-13 8.6e-13 1.4e-12 1.8e-12 2.3e-12 3.2e-12 4.1e-12 4.8e-12 5.4e-12
  124    17     4  1.1e-14 1.5e-14 3.4e-14 5.2e-14 1.1e-13 2.5e-13 1.2e-12 1.9e-12 2.4e-12 2.8e-12 3.3e-12 3.6e-12 3.9e-12 4.1e-12
  125    17     5  1.7e-14 2.4e-14 5.3e-14 8.1e-14 1.7e-13 3.8e-13 2.2e-12 3.2e-12 4.1e-12 5.0e-12 6.8e-12 8.3e-12 9.5e-12 1.1e-11
  126    17     6  2.5e-14 3.7e-14 8.1e-14 1.3e-13 2.5e-13 5.4e-13 2.5e-12 3.5e-12 4.1e-12 4.6e-12 5.3e-12 5.8e-12 6.2e-12 6.4e-12
  127    17     7  3.6e-14 5.6e-14 1.2e-13 1.9e-13 3.7e-13 7.7e-13 4.9e-12 6.4e-12 8.0e-12 9.4e-12 1.2e-11 1.4e-11 1.6e-11 1.7e-11
  128    17     8  5.1e-14 8.3e-14 1.8e-13 2.9e-13 5.4e-13 1.1e-12 4.8e-12 5.8e-12 6.5e-12 7.0e-12 7.8e-12 8.3e-12 8.8e-12 9.1e-12
  129    17     9  7.1e-14 1.2e-13 2.8e-13 4.4e-13 7.8e-13 1.5e-12 1.0e-11 1.3e-11 1.5e-11 1.7e-11 2.1e-11 2.3e-11 2.5e-11 2.7e-11
  130    17    10  1.4e-13 2.3e-13 5.2e-13 7.1e-13 1.3e-12 2.5e-12 8.3e-12 9.2e-12 9.7e-12 1.0e-11 1.1e-11 1.1e-11 1.2e-11 1.2e-11
  131    17    11  4.2e-13 7.7e-13 1.6e-12 2.6e-12 3.6e-12 5.7e-12 2.1e-11 2.6e-11 2.9e-11 3.2e-11 3.6e-11 3.9e-11 4.2e-11 4.4e-11
  132    17    12  1.5e-13 3.4e-13 7.9e-13 1.3e-12 2.1e-12 3.4e-12 1.3e-11 1.4e-11 1.4e-11 1.4e-11 1.5e-11 1.5e-11 1.6e-11 1.6e-11
  133    17    13  8.1e-13 1.8e-12 4.3e-12 6.7e-12 9.2e-12 1.4e-11 4.4e-11 5.2e-11 5.5e-11 5.8e-11 6.2e-11 6.6e-11 6.8e-11 7.1e-11
  134    17    14  2.1e-13 5.5e-13 1.4e-12 2.3e-12 3.4e-12 5.2e-12 1.9e-11 1.9e-11 1.9e-11 1.9e-11 2.0e-11 2.0e-11 2.1e-11 2.1e-11
  135    17    15  2.1e-12 6.0e-12 1.5e-11 2.4e-11 3.2e-11 4.4e-11 9.1e-11 1.0e-10 1.1e-10 1.1e-10 1.2e-10 1.2e-10 1.3e-10 1.3e-10
  136    17    16  6.6e-13 1.7e-12 3.6e-12 5.2e-12 6.9e-12 9.5e-12 2.3e-11 2.5e-11 2.5e-11 2.5e-11 2.6e-11 2.7e-11 2.8e-11 2.8e-11
  137    18     1  6.4e-16 8.7e-16 2.0e-15 3.1e-15 7.5e-15 2.0e-14 1.1e-13 2.1e-13 2.8e-13 3.3e-13 4.1e-13 4.6e-13 4.9e-13 5.2e-13
  138    18     2  2.0e-15 2.8e-15 6.4e-15 1.0e-14 2.4e-14 6.1e-14 3.5e-13 6.2e-13 8.4e-13 1.1e-12 1.5e-12 1.9e-12 2.3e-12 2.7e-12
  139    18     3  3.8e-15 5.3e-15 1.2e-14 1.9e-14 4.3e-14 1.1e-13 6.4e-13 1.1e-12 1.5e-12 1.7e-12 2.1e-12 2.3e-12 2.5e-12 2.6e-12
  140    18     4  6.2e-15 8.8e-15 2.0e-14 3.1e-14 7.0e-14 1.7e-13 1.1e-12 1.7e-12 2.3e-12 2.8e-12 3.9e-12 4.9e-12 5.8e-12 6.7e-12
  141    18     5  9.6e-15 1.4e-14 3.1e-14 4.9e-14 1.1e-13 2.6e-13 1.5e-12 2.3e-12 2.8e-12 3.2e-12 3.8e-12 4.2e-12 4.5e-12 4.8e-12
  142    18     6  1.4e-14 2.1e-14 4.8e-14 7.6e-14 1.6e-13 3.7e-13 2.6e-12 3.6e-12 4.6e-12 5.5e-12 7.4e-12 9.0e-12 1.0e-11 1.2e-11
  143    18     7  2.1e-14 3.2e-14 7.3e-14 1.2e-13 2.3e-13 5.2e-13 2.9e-12 3.9e-12 4.5e-12 5.0e-12 5.8e-12 6.3e-12 6.7e-12 7.0e-12
  144    18     8  3.0e-14 4.8e-14 1.1e-13 1.8e-13 3.4e-13 7.4e-13 5.4e-12 6.9e-12 8.5e-12 1.0e-11 1.3e-11 1.5e-11 1.7e-11 1.8e-11
  145    18     9  4.2e-14 7.2e-14 1.6e-13 2.6e-13 5.0e-13 1.0e-12 5.2e-12 6.3e-12 6.9e-12 7.4e-12 8.2e-12 8.8e-12 9.2e-12 9.6e-12
  146    18    10  5.9e-14 1.0e-13 2.5e-13 4.0e-13 7.2e-13 1.4e-12 1.1e-11 1.3e-11 1.6e-11 1.8e-11 2.1e-11 2.4e-11 2.6e-11 2.8e-11
  147    18    11  1.1e-13 1.9e-13 4.5e-13 6.5e-13 1.2e-12 2.3e-12 8.9e-12 9.7e-12 1.0e-11 1.1e-11 1.1e-11 1.2e-11 1.2e-11 1.3e-11
  148    18    12  3.5e-13 6.5e-13 1.4e-12 2.3e-12 3.3e-12 5.3e-12 2.2e-11 2.7e-11 3.0e-11 3.3e-11 3.7e-11 4.0e-11 4.2e-11 4.4e-11
  149    18    13  1.2e-13 2.9e-13 6.9e-13 1.2e-12 1.9e-12 3.2e-12 1.4e-11 1.4e-11 1.4e-11 1.5e-11 1.5e-11 1.6e-11 1.6e-11 1.6e-11
  150    18    14  6.6e-13 1.5e-12 3.8e-12 6.0e-12 8.4e-12 1.3e-11 4.3e-11 5.2e-11 5.6e-11 5.8e-11 6.3e-11 6.6e-11 6.9e-11 7.1e-11
  151    18    15  1.7e-13 4.6e-13 1.2e-12 2.0e-12 3.1e-12 4.8e-12 2.0e-11 2.0e-11 2.0e-11 2.0e-11 2.0e-11 2.1e-11 2.1e-11 2.2e-11
  152    18    16  1.7e-12 5.0e-12 1.3e-11 2.1e-11 2.9e-11 4.1e-11 8.8e-11 1.0e-10 1.1e-10 1.1e-10 1.2e-10 1.2e-10 1.3e-10 1.3e-10
  153    18    17  5.3e-13 1.4e-12 3.1e-12 4.6e-12 6.2e-12 8.8e-12 2.4e-11 2.5e-11 2.6e-11 2.6e-11 2.7e-11 2.8e-11 2.8e-11 2.9e-11
  154    19     1  3.5e-16 4.9e-16 1.2e-15 1.9e-15 4.8e-15 1.3e-14 8.9e-14 1.6e-13 2.2e-13 2.8e-13 4.0e-13 5.2e-13 6.4e-13 7.5e-13
  155    19     2  1.1e-15 1.6e-15 3.8e-15 6.1e-15 1.5e-14 4.2e-14 2.8e-13 5.3e-13 7.3e-13 8.8e-13 1.1e-12 1.2e-12 1.3e-12 1.4e-12
  156    19     3  2.1e-15 3.0e-15 7.1e-15 1.1e-14 2.8e-14 7.5e-14 5.3e-13 9.0e-13 1.2e-12 1.5e-12 2.1e-12 2.8e-12 3.3e-12 3.9e-12
  157    19     4  3.5e-15 5.0e-15 1.2e-14 1.9e-14 4.4e-14 1.2e-13 8.5e-13 1.4e-12 1.8e-12 2.1e-12 2.6e-12 2.9e-12 3.2e-12 3.4e-12
  158    19     5  5.5e-15 7.9e-15 1.8e-14 3.0e-14 6.8e-14 1.7e-13 1.4e-12 2.0e-12 2.6e-12 3.2e-12 4.4e-12 5.6e-12 6.6e-12 7.6e-12
  159    19     6  8.3e-15 1.2e-14 2.8e-14 4.6e-14 1.0e-13 2.5e-13 1.8e-12 2.6e-12 3.2e-12 3.6e-12 4.3e-12 4.7e-12 5.1e-12 5.4e-12
  160    19     7  1.2e-14 1.9e-14 4.3e-14 7.0e-14 1.5e-13 3.5e-13 3.1e-12 4.1e-12 5.0e-12 6.0e-12 7.9e-12 9.6e-12 1.1e-11 1.2e-11
  161    19     8  1.8e-14 2.8e-14 6.6e-14 1.1e-13 2.2e-13 5.0e-13 3.4e-12 4.3e-12 4.9e-12 5.4e-12 6.2e-12 6.7e-12 7.1e-12 7.5e-12
  162    19     9  2.5e-14 4.2e-14 9.8e-14 1.6e-13 3.2e-13 7.0e-13 6.0e-12 7.6e-12 9.1e-12 1.1e-11 1.3e-11 1.5e-11 1.7e-11 1.9e-11
  163    19    10  3.6e-14 6.1e-14 1.5e-13 2.4e-13 4.6e-13 9.7e-13 5.9e-12 6.8e-12 7.4e-12 7.9e-12 8.6e-12 9.2e-12 9.6e-12 1.0e-11
  164    19    11  4.9e-14 9.0e-14 2.2e-13 3.6e-13 6.6e-13 1.3e-12 1.1e-11 1.4e-11 1.7e-11 1.9e-11 2.2e-11 2.5e-11 2.7e-11 2.8e-11
  165    19    12  9.5e-14 1.7e-13 4.0e-13 5.8e-13 1.1e-12 2.2e-12 9.8e-12 1.0e-11 1.1e-11 1.1e-11 1.2e-11 1.2e-11 1.3e-11 1.3e-11
  166    19    13  2.9e-13 5.6e-13 1.3e-12 2.1e-12 3.0e-12 5.0e-12 2.2e-11 2.7e-11 3.1e-11 3.3e-11 3.7e-11 4.0e-11 4.3e-11 4.5e-11
  167    19    14  1.0e-13 2.4e-13 6.1e-13 1.1e-12 1.7e-12 2.9e-12 1.5e-11 1.5e-11 1.5e-11 1.5e-11 1.6e-11 1.6e-11 1.6e-11 1.7e-11
  168    19    15  5.5e-13 1.3e-12 3.3e-12 5.4e-12 7.6e-12 1.2e-11 4.3e-11 5.1e-11 5.6e-11 5.9e-11 6.3e-11 6.7e-11 6.9e-11 7.2e-11
  169    19    16  1.4e-13 3.9e-13 1.1e-12 1.8e-12 2.8e-12 4.5e-12 2.1e-11 2.1e-11 2.1e-11 2.1e-11 2.1e-11 2.1e-11 2.2e-11 2.2e-11
  170    19    17  1.4e-12 4.2e-12 1.2e-11 1.9e-11 2.6e-11 3.8e-11 8.7e-11 1.0e-10 1.1e-10 1.1e-10 1.2e-10 1.2e-10 1.3e-10 1.3e-10
  171    19    18  4.4e-13 1.2e-12 2.7e-12 4.1e-12 5.6e-12 8.2e-12 2.5e-11 2.6e-11 2.6e-11 2.7e-11 2.7e-11 2.8e-11 2.9e-11 2.9e-11
  172    20     1  1.9e-16 2.7e-16 6.9e-16 1.1e-15 3.0e-15 9.0e-15 7.5e-14 1.5e-13 2.1e-13 2.5e-13 3.2e-13 3.7e-13 4.0e-13 4.3e-13
  173    20     2  6.2e-16 8.8e-16 2.2e-15 3.7e-15 9.6e-15 2.8e-14 2.3e-13 4.1e-13 5.7e-13 7.1e-13 1.0e-12 1.3e-12 1.6e-12 1.9e-12
  174    20     3  1.2e-15 1.7e-15 4.2e-15 6.9e-15 1.8e-14 5.1e-14 4.5e-13 7.9e-13 1.1e-12 1.3e-12 1.6e-12 1.8e-12 2.0e-12 2.2e-12
  175    20     4  2.0e-15 2.8e-15 6.9e-15 1.1e-14 2.8e-14 7.9e-14 7.1e-13 1.1e-12 1.5e-12 1.9e-12 2.6e-12 3.3e-12 4.1e-12 4.8e-12
  176    20     5  3.1e-15 4.5e-15 1.1e-14 1.8e-14 4.3e-14 1.2e-13 1.1e-12 1.7e-12 2.2e-12 2.5e-12 3.0e-12 3.4e-12 3.7e-12 3.9e-12
  177    20     6  4.7e-15 7.0e-15 1.7e-14 2.8e-14 6.5e-14 1.7e-13 1.7e-12 2.4e-12 3.0e-12 3.6e-12 4.9e-12 6.1e-12 7.2e-12 8.2e-12
  178    20     7  7.1e-15 1.1e-14 2.6e-14 4.3e-14 9.5e-14 2.4e-13 2.2e-12 3.0e-12 3.5e-12 4.0e-12 4.7e-12 5.2e-12 5.5e-12 5.8e-12
  179    20     8  1.0e-14 1.6e-14 3.9e-14 6.5e-14 1.4e-13 3.4e-13 3.6e-12 4.5e-12 5.4e-12 6.4e-12 8.4e-12 1.0e-11 1.2e-11 1.3e-11
  180    20     9  1.5e-14 2.4e-14 5.9e-14 9.7e-14 2.0e-13 4.7e-13 4.1e-12 4.8e-12 5.4e-12 5.8e-12 6.6e-12 7.1e-12 7.6e-12 7.9e-12
  181    20    10  2.2e-14 3.6e-14 8.8e-14 1.5e-13 2.9e-13 6.6e-13 6.7e-12 8.1e-12 9.6e-12 1.1e-11 1.4e-11 1.6e-11 1.8e-11 1.9e-11
  182    20    11  3.0e-14 5.3e-14 1.3e-13 2.2e-13 4.2e-13 9.1e-13 7.0e-12 7.6e-12 8.0e-12 8.4e-12 9.1e-12 9.6e-12 1.0e-11 1.0e-11
  183    20    12  4.1e-14 7.7e-14 1.9e-13 3.2e-13 6.1e-13 1.3e-12 1.2e-11 1.5e-11 1.7e-11 1.9e-11 2.3e-11 2.5e-11 2.7e-11 2.9e-11
  184    20    13  8.0e-14 1.4e-13 3.5e-13 5.2e-13 1.0e-12 2.0e-12 1.1e-11 1.1e-11 1.2e-11 1.2e-11 1.2e-11 1.3e-11 1.3e-11 1.3e-11
  185    20    14  2.4e-13 4.8e-13 1.1e-12 1.9e-12 2.8e-12 4.6e-12 2.2e-11 2.7e-11 3.1e-11 3.4e-11 3.8e-11 4.1e-11 4.3e-11 4.5e-11
  186    20    15  8.5e-14 2.1e-13 5.3e-13 9.6e-13 1.6e-12 2.7e-12 1.7e-11 1.6e-11 1.6e-11 1.6e-11 1.6e-11 1.7e-11 1.7e-11 1.7e-11
  187    20    16  4.6e-13 1.1e-12 2.9e-12 4.8e-12 6.9e-12 1.1e-11 4.1e-11 5.0e-11 5.5e-11 5.8e-11 6.3e-11 6.7e-11 7.0e-11 7.2e-11
  188    20    17  1.2e-13 3.3e-13 9.4e-13 1.6e-12 2.5e-12 4.2e-12 2.3e-11 2.2e-11 2.2e-11 2.2e-11 2.2e-11 2.2e-11 2.2e-11 2.2e-11
  189    20    18  1.2e-12 3.6e-12 1.0e-11 1.7e-11 2.4e-11 3.5e-11 8.5e-11 9.8e-11 1.0e-10 1.1e-10 1.2e-10 1.2e-10 1.3e-10 1.3e-10
  190    20    19  3.6e-13 9.9e-13 2.4e-12 3.7e-12 5.1e-12 7.5e-12 2.6e-11 2.7e-11 2.7e-11 2.8e-11 2.8e-11 2.9e-11 2.9e-11 3.0e-11
  191    21     1  1.1e-16 1.5e-16 4.1e-16 6.9e-16 1.9e-15 6.1e-15 6.0e-14 1.1e-13 1.5e-13 1.9e-13 2.7e-13 3.6e-13 4.5e-13 5.3e-13
  192    21     2  3.4e-16 4.9e-16 1.3e-15 2.2e-15 6.1e-15 1.9e-14 1.9e-13 3.8e-13 5.3e-13 6.6e-13 8.5e-13 9.8e-13 1.1e-12 1.2e-12
  193    21     3  6.5e-16 9.4e-16 2.5e-15 4.2e-15 1.1e-14 3.4e-14 3.5e-13 6.1e-13 8.3e-13 1.0e-12 1.5e-12 1.9e-12 2.3e-12 2.8e-12
  194    21     4  1.1e-15 1.6e-15 4.1e-15 6.9e-15 1.8e-14 5.4e-14 5.9e-13 1.0e-12 1.4e-12 1.6e-12 2.1e-12 2.4e-12 2.6e-12 2.8e-12
  195    21     5  1.8e-15 2.6e-15 6.5e-15 1.1e-14 2.8e-14 7.9e-14 8.8e-13 1.4e-12 1.8e-12 2.2e-12 3.0e-12 3.8e-12 4.6e-12 5.3e-12
  196    21     6  2.7e-15 4.0e-15 1.0e-14 1.7e-14 4.1e-14 1.1e-13 1.3e-12 1.9e-12 2.4e-12 2.8e-12 3.4e-12 3.8e-12 4.2e-12 4.4e-12
  197    21     7  4.1e-15 6.2e-15 1.5e-14 2.6e-14 6.1e-14 1.6e-13 2.0e-12 2.6e-12 3.3e-12 3.9e-12 5.3e-12 6.5e-12 7.7e-12 8.7e-12
  198    21     8  6.1e-15 9.5e-15 2.3e-14 3.9e-14 8.9e-14 2.3e-13 2.6e-12 3.3e-12 3.8e-12 4.3e-12 5.0e-12 5.5e-12 5.9e-12 6.3e-12
  199    21     9  9.0e-15 1.4e-14 3.5e-14 5.9e-14 1.3e-13 3.2e-13 3.9e-12 4.7e-12 5.7e-12 6.8e-12 8.8e-12 1.0e-11 1.2e-11 1.3e-11
  200    21    10  1.3e-14 2.1e-14 5.2e-14 8.9e-14 1.9e-13 4.4e-13 4.6e-12 5.3e-12 5.8e-12 6.2e-12 7.0e-12 7.5e-12 8.0e-12 8.3e-12
  201    21    11  1.8e-14 3.1e-14 7.8e-14 1.3e-13 2.7e-13 6.2e-13 6.9e-12 8.2e-12 9.8e-12 1.1e-11 1.4e-11 1.6e-11 1.8e-11 2.0e-11
  202    21    12  2.5e-14 4.6e-14 1.2e-13 2.0e-13 3.9e-13 8.5e-13 7.8e-12 8.2e-12 8.5e-12 8.9e-12 9.5e-12 1.0e-11 1.0e-11 1.1e-11
  203    21    13  3.5e-14 6.6e-14 1.7e-13 2.9e-13 5.6e-13 1.2e-12 1.2e-11 1.5e-11 1.7e-11 1.9e-11 2.3e-11 2.6e-11 2.8e-11 2.9e-11
  204    21    14  6.7e-14 1.2e-13 3.1e-13 4.7e-13 9.1e-13 1.9e-12 1.3e-11 1.2e-11 1.2e-11 1.2e-11 1.3e-11 1.3e-11 1.4e-11 1.4e-11
  205    21    15  2.0e-13 4.1e-13 9.8e-13 1.7e-12 2.5e-12 4.3e-12 2.0e-11 2.6e-11 3.0e-11 3.3e-11 3.8e-11 4.1e-11 4.3e-11 4.5e-11
  206    21    16  7.1e-14 1.8e-13 4.7e-13 8.6e-13 1.4e-12 2.5e-12 1.8e-11 1.8e-11 1.7e-11 1.7e-11 1.7e-11 1.7e-11 1.7e-11 1.8e-11
  207    21    17  3.8e-13 9.5e-13 2.5e-12 4.3e-12 6.3e-12 1.0e-11 3.9e-11 4.8e-11 5.4e-11 5.8e-11 6.3e-11 6.7e-11 7.0e-11 7.2e-11
  208    21    18  9.7e-14 2.8e-13 8.3e-13 1.4e-12 2.3e-12 3.8e-12 2.5e-11 2.4e-11 2.3e-11 2.3e-11 2.2e-11 2.2e-11 2.3e-11 2.3e-11
  209    21    19  9.7e-13 3.1e-12 8.9e-12 1.5e-11 2.1e-11 3.2e-11 8.3e-11 9.5e-11 1.0e-10 1.1e-10 1.2e-10 1.2e-10 1.3e-10 1.3e-10
  210    21    20  3.0e-13 8.4e-13 2.1e-12 3.3e-12 4.6e-12 6.9e-12 2.9e-11 2.9e-11 2.8e-11 2.8e-11 2.9e-11 2.9e-11 3.0e-11 3.0e-11
  211    22     1  5.9e-17 8.5e-17 2.4e-16 4.2e-16 1.2e-15 4.1e-15 4.9e-14 1.0e-13 1.5e-13 1.9e-13 2.5e-13 2.9e-13 3.2e-13 3.5e-13
  212    22     2  1.9e-16 2.8e-16 7.6e-16 1.3e-15 3.9e-15 1.3e-14 1.5e-13 2.8e-13 4.0e-13 5.1e-13 7.0e-13 9.1e-13 1.1e-12 1.3e-12
  213    22     3  3.6e-16 5.3e-16 1.5e-15 2.5e-15 7.2e-15 2.3e-14 2.9e-13 5.6e-13 7.9e-13 9.8e-13 1.3e-12 1.5e-12 1.6e-12 1.8e-12
  214    22     4  6.2e-16 9.0e-16 2.4e-15 4.2e-15 1.2e-14 3.6e-14 4.4e-13 7.7e-13 1.1e-12 1.3e-12 1.8e-12 2.3e-12 2.8e-12 3.3e-12
  215    22     5  9.9e-16 1.5e-15 3.9e-15 6.6e-15 1.8e-14 5.4e-14 7.2e-13 1.2e-12 1.6e-12 1.9e-12 2.4e-12 2.8e-12 3.0e-12 3.2e-12
  216    22     6  1.6e-15 2.3e-15 6.0e-15 1.0e-14 2.6e-14 7.7e-14 1.0e-12 1.6e-12 2.0e-12 2.5e-12 3.3e-12 4.2e-12 5.0e-12 5.8e-12
  217    22     7  2.4e-15 3.6e-15 9.2e-15 1.6e-14 3.9e-14 1.1e-13 1.5e-12 2.2e-12 2.7e-12 3.1e-12 3.8e-12 4.2e-12 4.6e-12 4.8e-12
  218    22     8  3.6e-15 5.5e-15 1.4e-14 2.4e-14 5.7e-14 1.5e-13 2.2e-12 2.9e-12 3.6e-12 4.2e-12 5.6e-12 6.9e-12 8.1e-12 9.1e-12
  219    22     9  5.3e-15 8.4e-15 2.1e-14 3.6e-14 8.3e-14 2.2e-13 2.8e-12 3.6e-12 4.2e-12 4.7e-12 5.4e-12 5.9e-12 6.3e-12 6.7e-12
  220    22    10  7.7e-15 1.3e-14 3.2e-14 5.4e-14 1.2e-13 3.0e-13 4.0e-12 5.0e-12 6.1e-12 7.1e-12 9.2e-12 1.1e-11 1.2e-11 1.4e-11
  221    22    11  1.1e-14 1.8e-14 4.7e-14 8.1e-14 1.7e-13 4.2e-13 5.0e-12 5.7e-12 6.2e-12 6.7e-12 7.3e-12 7.9e-12 8.3e-12 8.7e-12
  222    22    12  1.6e-14 2.7e-14 6.9e-14 1.2e-13 2.5e-13 5.8e-13 6.7e-12 8.4e-12 1.0e-11 1.2e-11 1.5e-11 1.7e-11 1.9e-11 2.0e-11
  223    22    13  2.2e-14 4.0e-14 1.0e-13 1.8e-13 3.5e-13 8.0e-13 8.2e-12 8.7e-12 9.0e-12 9.4e-12 9.9e-12 1.0e-11 1.1e-11 1.1e-11
  224    22    14  3.0e-14 5.7e-14 1.5e-13 2.6e-13 5.1e-13 1.1e-12 1.1e-11 1.4e-11 1.7e-11 2.0e-11 2.3e-11 2.6e-11 2.8e-11 3.0e-11
  225    22    15  5.7e-14 1.0e-13 2.8e-13 4.3e-13 8.3e-13 1.8e-12 1.3e-11 1.3e-11 1.3e-11 1.3e-11 1.3e-11 1.4e-11 1.4e-11 1.4e-11
  226    22    16  1.7e-13 3.5e-13 8.6e-13 1.5e-12 2.3e-12 4.0e-12 1.9e-11 2.6e-11 3.0e-11 3.3e-11 3.8e-11 4.1e-11 4.4e-11 4.6e-11
  227    22    17  6.0e-14 1.5e-13 4.1e-13 7.7e-13 1.3e-12 2.4e-12 1.9e-11 1.8e-11 1.8e-11 1.7e-11 1.7e-11 1.8e-11 1.8e-11 1.8e-11
  228    22    18  3.2e-13 8.2e-13 2.2e-12 3.9e-12 5.7e-12 9.4e-12 3.5e-11 4.7e-11 5.3e-11 5.7e-11 6.3e-11 6.7e-11 7.0e-11 7.2e-11
  229    22    19  8.2e-14 2.4e-13 7.3e-13 1.3e-12 2.1e-12 3.5e-12 2.6e-11 2.4e-11 2.4e-11 2.3e-11 2.3e-11 2.3e-11 2.3e-11 2.3e-11
  230    22    20  8.2e-13 2.6e-12 7.8e-12 1.4e-11 1.9e-11 3.0e-11 7.5e-11 9.2e-11 1.0e-10 1.1e-10 1.2e-10 1.2e-10 1.3e-10 1.3e-10
  231    22    21  2.5e-13 7.2e-13 1.8e-12 2.9e-12 4.2e-12 6.4e-12 2.9e-11 2.9e-11 2.9e-11 2.9e-11 2.9e-11 3.0e-11 3.0e-11 3.1e-11
  232    23     1  3.2e-17 4.8e-17 1.4e-16 2.5e-16 7.9e-16 2.8e-15 3.8e-14 7.5e-14 1.1e-13 1.4e-13 1.9e-13 2.5e-13 3.0e-13 3.5e-13
  233    23     2  1.1e-16 1.5e-16 4.5e-16 8.1e-16 2.5e-15 8.8e-15 1.2e-13 2.6e-13 3.8e-13 4.9e-13 6.6e-13 7.7e-13 8.6e-13 9.3e-13
  234    23     3  2.0e-16 3.0e-16 8.5e-16 1.5e-15 4.6e-15 1.6e-14 2.2e-13 4.1e-13 5.9e-13 7.5e-13 1.0e-12 1.3e-12 1.6e-12 1.9e-12
  235    23     4  3.5e-16 5.1e-16 1.4e-15 2.5e-15 7.4e-15 2.5e-14 3.7e-13 7.0e-13 9.9e-13 1.2e-12 1.6e-12 1.9e-12 2.1e-12 2.2e-12
  236    23     5  5.6e-16 8.3e-16 2.3e-15 4.0e-15 1.1e-14 3.6e-14 5.4e-13 9.2e-13 1.2e-12 1.5e-12 2.1e-12 2.7e-12 3.2e-12 3.7e-12
  237    23     6  8.9e-16 1.3e-15 3.6e-15 6.3e-15 1.7e-14 5.2e-14 8.5e-13 1.4e-12 1.8e-12 2.2e-12 2.7e-12 3.1e-12 3.4e-12 3.7e-12
  238    23     7  1.4e-15 2.1e-15 5.5e-15 9.6e-15 2.5e-14 7.4e-14 1.2e-12 1.8e-12 2.2e-12 2.7e-12 3.6e-12 4.5e-12 5.4e-12 6.2e-12
  239    23     8  2.1e-15 3.2e-15 8.4e-15 1.5e-14 3.6e-14 1.0e-13 1.7e-12 2.4e-12 3.0e-12 3.4e-12 4.0e-12 4.5e-12 4.9e-12 5.2e-12
  240    23     9  3.1e-15 4.9e-15 1.3e-14 2.2e-14 5.3e-14 1.5e-13 2.4e-12 3.2e-12 3.8e-12 4.5e-12 5.9e-12 7.2e-12 8.4e-12 9.5e-12
  241    23    10  4.6e-15 7.4e-15 1.9e-14 3.3e-14 7.7e-14 2.0e-13 3.1e-12 3.9e-12 4.5e-12 4.9e-12 5.7e-12 6.2e-12 6.6e-12 7.0e-12
  242    23    11  6.7e-15 1.1e-14 2.8e-14 4.9e-14 1.1e-13 2.8e-13 4.2e-12 5.3e-12 6.3e-12 7.4e-12 9.5e-12 1.1e-11 1.3e-11 1.4e-11
  243    23    12  9.5e-15 1.6e-14 4.2e-14 7.3e-14 1.6e-13 3.9e-13 5.2e-12 6.1e-12 6.6e-12 7.0e-12 7.7e-12 8.2e-12 8.7e-12 9.0e-12
  244    23    13  1.3e-14 2.4e-14 6.2e-14 1.1e-13 2.3e-13 5.4e-13 6.7e-12 8.6e-12 1.0e-11 1.2e-11 1.5e-11 1.7e-11 1.9e-11 2.1e-11
  245    23    14  1.8e-14 3.4e-14 9.1e-14 1.6e-13 3.2e-13 7.4e-13 8.3e-12 9.1e-12 9.4e-12 9.8e-12 1.0e-11 1.1e-11 1.1e-11 1.1e-11
  246    23    15  2.5e-14 5.0e-14 1.3e-13 2.4e-13 4.6e-13 1.0e-12 1.1e-11 1.4e-11 1.7e-11 2.0e-11 2.4e-11 2.6e-11 2.8e-11 3.0e-11
  247    23    16  4.9e-14 9.1e-14 2.5e-13 3.8e-13 7.6e-13 1.6e-12 1.3e-11 1.3e-11 1.3e-11 1.3e-11 1.4e-11 1.4e-11 1.4e-11 1.5e-11
  248    23    17  1.5e-13 3.0e-13 7.6e-13 1.4e-12 2.1e-12 3.7e-12 1.8e-11 2.5e-11 3.0e-11 3.3e-11 3.8e-11 4.1e-11 4.4e-11 4.6e-11
  249    23    18  5.1e-14 1.3e-13 3.6e-13 6.9e-13 1.2e-12 2.2e-12 1.8e-11 1.8e-11 1.8e-11 1.8e-11 1.8e-11 1.8e-11 1.8e-11 1.8e-11
  250    23    19  2.7e-13 7.0e-13 2.0e-12 3.5e-12 5.2e-12 8.7e-12 3.3e-11 4.5e-11 5.2e-11 5.6e-11 6.2e-11 6.6e-11 7.0e-11 7.2e-11
  251    23    20  6.9e-14 2.1e-13 6.4e-13 1.2e-12 1.9e-12 3.3e-12 2.4e-11 2.5e-11 2.4e-11 2.4e-11 2.3e-11 2.4e-11 2.4e-11 2.4e-11
  252    23    21  6.9e-13 2.2e-12 6.9e-12 1.2e-11 1.8e-11 2.7e-11 7.2e-11 8.9e-11 9.9e-11 1.1e-10 1.2e-10 1.2e-10 1.3e-10 1.3e-10
  253    23    22  2.2e-13 6.2e-13 1.6e-12 2.6e-12 3.8e-12 5.9e-12 2.8e-11 3.0e-11 3.0e-11 3.0e-11 3.0e-11 3.1e-11 3.1e-11 3.1e-11
  254    24     1  1.8e-17 2.7e-17 8.2e-17 1.5e-16 5.0e-16 1.9e-15 2.9e-14 6.7e-14 1.1e-13 1.4e-13 1.9e-13 2.3e-13 2.5e-13 2.7e-13
  255    24     2  5.8e-17 8.7e-17 2.6e-16 4.9e-16 1.6e-15 5.9e-15 9.0e-14 1.9e-13 2.9e-13 3.7e-13 5.1e-13 6.3e-13 7.5e-13 8.7e-13
  256    24     3  1.1e-16 1.7e-16 5.0e-16 9.2e-16 2.9e-15 1.1e-14 1.7e-13 3.7e-13 5.7e-13 7.3e-13 9.8e-13 1.2e-12 1.3e-12 1.4e-12
  257    24     4  1.9e-16 2.9e-16 8.5e-16 1.5e-15 4.7e-15 1.7e-14 2.6e-13 5.2e-13 7.4e-13 9.4e-13 1.3e-12 1.6e-12 1.9e-12 2.2e-12
  258    24     5  3.2e-16 4.7e-16 1.4e-15 2.5e-15 7.2e-15 2.5e-14 4.3e-13 8.3e-13 1.2e-12 1.5e-12 1.9e-12 2.2e-12 2.5e-12 2.6e-12
  259    24     6  5.1e-16 7.6e-16 2.1e-15 3.8e-15 1.1e-14 3.6e-14 5.9e-13 1.0e-12 1.4e-12 1.7e-12 2.3e-12 2.9e-12 3.5e-12 4.1e-12
  260    24     7  7.9e-16 1.2e-15 3.3e-15 5.9e-15 1.6e-14 5.0e-14 9.1e-13 1.5e-12 2.0e-12 2.4e-12 3.0e-12 3.4e-12 3.7e-12 4.0e-12
  261    24     8  1.2e-15 1.9e-15 5.0e-15 8.9e-15 2.3e-14 7.1e-14 1.2e-12 1.9e-12 2.4e-12 2.9e-12 3.9e-12 4.8e-12 5.7e-12 6.5e-12
  262    24     9  1.8e-15 2.8e-15 7.6e-15 1.3e-14 3.4e-14 9.9e-14 1.7e-12 2.6e-12 3.2e-12 3.6e-12 4.3e-12 4.8e-12 5.2e-12 5.6e-12
  263    24    10  2.7e-15 4.3e-15 1.1e-14 2.0e-14 4.9e-14 1.4e-13 2.3e-12 3.3e-12 4.0e-12 4.7e-12 6.2e-12 7.5e-12 8.8e-12 9.9e-12
  264    24    11  4.0e-15 6.5e-15 1.7e-14 3.0e-14 7.1e-14 1.9e-13 3.0e-12 4.1e-12 4.7e-12 5.2e-12 5.9e-12 6.5e-12 6.9e-12 7.3e-12
  265    24    12  5.8e-15 9.6e-15 2.5e-14 4.5e-14 1.0e-13 2.6e-13 3.8e-12 5.3e-12 6.4e-12 7.6e-12 9.7e-12 1.2e-11 1.3e-11 1.4e-11
  266    24    13  8.2e-15 1.4e-14 3.8e-14 6.7e-14 1.5e-13 3.6e-13 4.9e-12 6.3e-12 6.9e-12 7.3e-12 8.0e-12 8.5e-12 8.9e-12 9.3e-12
  267    24    14  1.2e-14 2.1e-14 5.5e-14 9.9e-14 2.1e-13 5.0e-13 5.6e-12 8.3e-12 1.0e-11 1.2e-11 1.5e-11 1.8e-11 1.9e-11 2.1e-11
  268    24    15  1.6e-14 3.0e-14 8.1e-14 1.5e-13 3.0e-13 6.9e-13 7.6e-12 9.2e-12 9.7e-12 1.0e-11 1.1e-11 1.1e-11 1.1e-11 1.2e-11
  269    24    16  2.2e-14 4.3e-14 1.2e-13 2.2e-13 4.2e-13 9.5e-13 8.7e-12 1.4e-11 1.7e-11 2.0e-11 2.4e-11 2.7e-11 2.9e-11 3.0e-11
  270    24    17  4.2e-14 7.9e-14 2.2e-13 3.5e-13 6.9e-13 1.5e-12 1.1e-11 1.3e-11 1.4e-11 1.4e-11 1.4e-11 1.4e-11 1.5e-11 1.5e-11
  271    24    18  1.3e-13 2.6e-13 6.7e-13 1.2e-12 1.9e-12 3.4e-12 1.5e-11 2.4e-11 2.9e-11 3.2e-11 3.7e-11 4.1e-11 4.4e-11 4.6e-11
  272    24    19  4.3e-14 1.1e-13 3.2e-13 6.2e-13 1.1e-12 2.0e-12 1.6e-11 1.8e-11 1.8e-11 1.8e-11 1.8e-11 1.8e-11 1.9e-11 1.9e-11
  273    24    20  2.3e-13 6.1e-13 1.7e-12 3.1e-12 4.7e-12 8.1e-12 2.8e-11 4.2e-11 5.0e-11 5.5e-11 6.1e-11 6.6e-11 6.9e-11 7.2e-11
  274    24    21  5.9e-14 1.8e-13 5.6e-13 1.0e-12 1.7e-12 3.0e-12 2.2e-11 2.5e-11 2.5e-11 2.4e-11 2.4e-11 2.4e-11 2.4e-11 2.4e-11
  275    24    22  5.9e-13 1.9e-12 6.0e-12 1.1e-11 1.6e-11 2.5e-11 6.2e-11 8.5e-11 9.6e-11 1.0e-10 1.1e-10 1.2e-10 1.3e-10 1.3e-10
  276    24    23  1.8e-13 5.3e-13 1.4e-12 2.3e-12 3.4e-12 5.4e-12 2.6e-11 3.0e-11 3.1e-11 3.1e-11 3.1e-11 3.1e-11 3.2e-11 3.2e-11
  277    25     1  9.9e-18 1.5e-17 4.8e-17 9.2e-17 3.2e-16 1.3e-15 2.5e-14 5.2e-14 8.1e-14 1.1e-13 1.5e-13 1.8e-13 2.1e-13 2.3e-13
  278    25     2  3.2e-17 4.8e-17 1.6e-16 3.0e-16 1.0e-15 4.0e-15 8.1e-14 1.8e-13 2.8e-13 3.7e-13 5.1e-13 6.1e-13 6.8e-13 7.3e-13
  279    25     3  6.3e-17 9.5e-17 3.0e-16 5.6e-16 1.9e-15 7.2e-15 1.4e-13 2.8e-13 4.3e-13 5.5e-13 7.6e-13 9.3e-13 1.1e-12 1.2e-12
  280    25     4  1.1e-16 1.6e-16 5.0e-16 9.3e-16 3.0e-15 1.1e-14 2.5e-13 4.8e-13 7.2e-13 9.3e-13 1.2e-12 1.5e-12 1.7e-12 1.8e-12
  281    25     5  1.8e-16 2.7e-16 8.1e-16 1.5e-15 4.6e-15 1.7e-14 3.5e-13 6.3e-13 8.9e-13 1.1e-12 1.5e-12 1.9e-12 2.2e-12 2.6e-12
  282    25     6  2.9e-16 4.4e-16 1.3e-15 2.3e-15 6.9e-15 2.4e-14 5.7e-13 9.7e-13 1.3e-12 1.6e-12 2.1e-12 2.5e-12 2.8e-12 3.0e-12
  283    25     7  4.5e-16 6.9e-16 2.0e-15 3.6e-15 1.0e-14 3.4e-14 7.6e-13 1.2e-12 1.6e-12 1.9e-12 2.6e-12 3.2e-12 3.8e-12 4.4e-12
  284    25     8  7.0e-16 1.1e-15 3.0e-15 5.5e-15 1.5e-14 4.8e-14 1.2e-12 1.8e-12 2.2e-12 2.6e-12 3.2e-12 3.7e-12 4.0e-12 4.4e-12
  285    25     9  1.1e-15 1.7e-15 4.6e-15 8.2e-15 2.2e-14 6.7e-14 1.5e-12 2.1e-12 2.6e-12 3.1e-12 4.1e-12 5.1e-12 6.0e-12 6.9e-12
  286    25    10  1.6e-15 2.5e-15 6.9e-15 1.2e-14 3.2e-14 9.4e-14 2.2e-12 2.9e-12 3.5e-12 3.9e-12 4.5e-12 5.1e-12 5.5e-12 5.8e-12
  287    25    11  2.4e-15 3.8e-15 1.0e-14 1.8e-14 4.5e-14 1.3e-13 2.8e-12 3.5e-12 4.2e-12 5.0e-12 6.4e-12 7.8e-12 9.0e-12 1.0e-11
  288    25    12  3.5e-15 5.7e-15 1.5e-14 2.8e-14 6.5e-14 1.8e-13 3.8e-12 4.6e-12 5.1e-12 5.5e-12 6.2e-12 6.8e-12 7.2e-12 7.5e-12
  289    25    13  5.0e-15 8.5e-15 2.3e-14 4.1e-14 9.4e-14 2.5e-13 4.3e-12 5.5e-12 6.7e-12 7.8e-12 1.0e-11 1.2e-11 1.3e-11 1.5e-11
  290    25    14  7.2e-15 1.2e-14 3.4e-14 6.1e-14 1.3e-13 3.4e-13 6.2e-12 7.0e-12 7.4e-12 7.8e-12 8.4e-12 8.9e-12 9.2e-12 9.6e-12
  291    25    15  1.0e-14 1.8e-14 4.9e-14 8.9e-14 1.9e-13 4.7e-13 6.2e-12 8.4e-12 1.0e-11 1.2e-11 1.5e-11 1.8e-11 2.0e-11 2.1e-11
  292    25    16  1.4e-14 2.6e-14 7.2e-14 1.3e-13 2.7e-13 6.4e-13 9.6e-12 1.0e-11 1.1e-11 1.1e-11 1.1e-11 1.2e-11 1.2e-11 1.2e-11
  293    25    17  1.9e-14 3.8e-14 1.1e-13 1.9e-13 3.9e-13 8.8e-13 9.2e-12 1.3e-11 1.7e-11 2.0e-11 2.4e-11 2.7e-11 2.9e-11 3.1e-11
  294    25    18  3.6e-14 6.9e-14 1.9e-13 3.1e-13 6.3e-13 1.4e-12 1.5e-11 1.5e-11 1.5e-11 1.5e-11 1.5e-11 1.5e-11 1.5e-11 1.5e-11
  295    25    19  1.1e-13 2.3e-13 6.0e-13 1.1e-12 1.7e-12 3.2e-12 1.5e-11 2.3e-11 2.8e-11 3.2e-11 3.7e-11 4.1e-11 4.4e-11 4.6e-11
  296    25    20  3.7e-14 9.9e-14 2.8e-13 5.6e-13 9.7e-13 1.9e-12 2.1e-11 2.1e-11 2.0e-11 2.0e-11 1.9e-11 1.9e-11 1.9e-11 1.9e-11
  297    25    21  2.0e-13 5.3e-13 1.5e-12 2.8e-12 4.3e-12 7.4e-12 3.1e-11 4.1e-11 4.8e-11 5.4e-11 6.1e-11 6.5e-11 6.9e-11 7.2e-11
  298    25    22  5.1e-14 1.5e-13 5.0e-13 9.2e-13 1.5e-12 2.8e-12 2.9e-11 2.8e-11 2.7e-11 2.6e-11 2.5e-11 2.5e-11 2.5e-11 2.5e-11
  299    25    23  5.0e-13 1.7e-12 5.3e-12 9.7e-12 1.4e-11 2.3e-11 7.3e-11 8.7e-11 9.6e-11 1.0e-10 1.1e-10 1.2e-10 1.3e-10 1.3e-10
  300    25    24  1.6e-13 4.6e-13 1.2e-12 2.1e-12 3.1e-12 5.0e-12 3.6e-11 3.4e-11 3.3e-11 3.2e-11 3.2e-11 3.2e-11 3.3e-11 3.3e-11
  301    26     1  5.5e-18 8.3e-18 2.8e-17 5.6e-17 2.0e-16 8.7e-16 2.1e-14 4.7e-14 7.8e-14 1.1e-13 1.5e-13 1.8e-13 2.0e-13 2.2e-13
  302    26     2  1.8e-17 2.7e-17 9.2e-17 1.8e-16 6.4e-16 2.7e-15 6.4e-14 1.4e-13 2.1e-13 2.8e-13 3.9e-13 4.7e-13 5.4e-13 6.0e-13
  303    26     3  3.5e-17 5.3e-17 1.8e-16 3.4e-16 1.2e-15 4.9e-15 1.2e-13 2.6e-13 4.2e-13 5.5e-13 7.7e-13 9.2e-13 1.0e-12 1.1e-12
  304    26     4  6.1e-17 9.2e-17 3.0e-16 5.7e-16 1.9e-15 7.7e-15 1.9e-13 3.7e-13 5.5e-13 7.1e-13 9.7e-13 1.2e-12 1.4e-12 1.5e-12
  305    26     5  1.0e-16 1.5e-16 4.8e-16 9.1e-16 3.0e-15 1.1e-14 3.1e-13 5.8e-13 8.6e-13 1.1e-12 1.5e-12 1.8e-12 2.0e-12 2.1e-12
  306    26     6  1.6e-16 2.5e-16 7.6e-16 1.4e-15 4.4e-15 1.6e-14 4.3e-13 7.3e-13 1.0e-12 1.3e-12 1.7e-12 2.1e-12 2.5e-12 2.8e-12
  307    26     7  2.6e-16 4.0e-16 1.2e-15 2.2e-15 6.6e-15 2.3e-14 6.8e-13 1.1e-12 1.5e-12 1.8e-12 2.3e-12 2.7e-12 3.0e-12 3.3e-12
  308    26     8  4.1e-16 6.2e-16 1.8e-15 3.3e-15 9.6e-15 3.3e-14 9.1e-13 1.3e-12 1.7e-12 2.1e-12 2.8e-12 3.5e-12 4.1e-12 4.7e-12
  309    26     9  6.3e-16 9.7e-16 2.8e-15 5.0e-15 1.4e-14 4.6e-14 1.4e-12 1.9e-12 2.4e-12 2.8e-12 3.4e-12 3.9e-12 4.3e-12 4.6e-12
  310    26    10  9.5e-16 1.5e-15 4.2e-15 7.6e-15 2.0e-14 6.4e-14 1.8e-12 2.3e-12 2.8e-12 3.3e-12 4.3e-12 5.3e-12 6.3e-12 7.1e-12
  311    26    11  1.4e-15 2.3e-15 6.3e-15 1.1e-14 2.9e-14 8.8e-14 2.5e-12 3.2e-12 3.7e-12 4.1e-12 4.8e-12 5.3e-12 5.7e-12 6.1e-12
  312    26    12  2.1e-15 3.4e-15 9.3e-15 1.7e-14 4.2e-14 1.2e-13 3.1e-12 3.7e-12 4.4e-12 5.1e-12 6.6e-12 8.0e-12 9.3e-12 1.0e-11
  313    26    13  3.1e-15 5.1e-15 1.4e-14 2.5e-14 6.0e-14 1.7e-13 4.3e-12 4.9e-12 5.4e-12 5.8e-12 6.5e-12 7.0e-12 7.4e-12 7.8e-12
  314    26    14  4.4e-15 7.5e-15 2.0e-14 3.7e-14 8.6e-14 2.3e-13 4.6e-12 5.6e-12 6.8e-12 7.9e-12 1.0e-11 1.2e-11 1.4e-11 1.5e-11
  315    26    15  6.2e-15 1.1e-14 3.0e-14 5.5e-14 1.2e-13 3.2e-13 7.0e-12 7.4e-12 7.8e-12 8.1e-12 8.7e-12 9.2e-12 9.5e-12 9.9e-12
  316    26    16  8.7e-15 1.6e-14 4.4e-14 8.1e-14 1.8e-13 4.4e-13 6.4e-12 8.3e-12 1.0e-11 1.2e-11 1.5e-11 1.8e-11 2.0e-11 2.2e-11
  317    26    17  1.2e-14 2.3e-14 6.5e-14 1.2e-13 2.5e-13 6.0e-13 1.1e-11 1.1e-11 1.1e-11 1.1e-11 1.2e-11 1.2e-11 1.2e-11 1.3e-11
  318    26    18  1.6e-14 3.3e-14 9.4e-14 1.8e-13 3.5e-13 8.2e-13 8.9e-12 1.3e-11 1.7e-11 2.0e-11 2.4e-11 2.7e-11 2.9e-11 3.1e-11
  319    26    19  3.1e-14 6.0e-14 1.7e-13 2.8e-13 5.8e-13 1.3e-12 1.6e-11 1.6e-11 1.5e-11 1.5e-11 1.5e-11 1.5e-11 1.6e-11 1.6e-11
  320    26    20  9.4e-14 2.0e-13 5.3e-13 1.0e-12 1.6e-12 2.9e-12 1.4e-11 2.1e-11 2.7e-11 3.1e-11 3.7e-11 4.1e-11 4.4e-11 4.6e-11
  321    26    21  3.2e-14 8.6e-14 2.5e-13 5.0e-13 8.8e-13 1.7e-12 2.3e-11 2.2e-11 2.1e-11 2.0e-11 2.0e-11 2.0e-11 2.0e-11 2.0e-11
  322    26    22  1.7e-13 4.6e-13 1.4e-12 2.5e-12 3.9e-12 6.9e-12 2.8e-11 3.8e-11 4.6e-11 5.2e-11 6.0e-11 6.5e-11 6.9e-11 7.2e-11
  323    26    23  4.4e-14 1.3e-13 4.4e-13 8.3e-13 1.4e-12 2.6e-12 3.1e-11 2.9e-11 2.8e-11 2.7e-11 2.6e-11 2.6e-11 2.6e-11 2.6e-11
  324    26    24  4.3e-13 1.5e-12 4.7e-12 8.7e-12 1.3e-11 2.2e-11 6.8e-11 8.1e-11 9.2e-11 1.0e-10 1.1e-10 1.2e-10 1.3e-10 1.3e-10
  325    26    25  1.3e-13 4.0e-13 1.1e-12 1.9e-12 2.8e-12 4.6e-12 3.8e-11 3.5e-11 3.4e-11 3.3e-11 3.3e-11 3.3e-11 3.3e-11 3.3e-11
  326    27     1  3.0e-18 4.7e-18 1.7e-17 3.4e-17 1.3e-16 5.9e-16 1.5e-14 3.7e-14 6.0e-14 8.1e-14 1.1e-13 1.4e-13 1.5e-13 1.7e-13
  327    27     2  9.9e-18 1.5e-17 5.4e-17 1.1e-16 4.1e-16 1.8e-15 4.8e-14 1.2e-13 2.0e-13 2.8e-13 4.0e-13 4.9e-13 5.6e-13 6.2e-13
  328    27     3  1.9e-17 3.0e-17 1.0e-16 2.1e-16 7.6e-16 3.3e-15 8.7e-14 2.0e-13 3.2e-13 4.2e-13 5.8e-13 7.1e-13 8.0e-13 8.9e-13
  329    27     4  3.4e-17 5.2e-17 1.8e-16 3.4e-16 1.2e-15 5.2e-15 1.5e-13 3.3e-13 5.3e-13 7.1e-13 9.8e-13 1.2e-12 1.3e-12 1.5e-12
  330    27     5  5.7e-17 8.7e-17 2.8e-16 5.5e-16 1.9e-15 7.7e-15 2.1e-13 4.3e-13 6.6e-13 8.5e-13 1.1e-12 1.4e-12 1.6e-12 1.8e-12
  331    27     6  9.2e-17 1.4e-16 4.5e-16 8.6e-16 2.8e-15 1.1e-14 3.4e-13 6.7e-13 9.9e-13 1.3e-12 1.7e-12 2.0e-12 2.2e-12 2.4e-12
  332    27     7  1.5e-16 2.3e-16 7.0e-16 1.3e-15 4.2e-15 1.6e-14 4.6e-13 8.2e-13 1.1e-12 1.4e-12 1.9e-12 2.3e-12 2.7e-12 3.1e-12
  333    27     8  2.3e-16 3.6e-16 1.1e-15 2.0e-15 6.2e-15 2.2e-14 7.1e-13 1.2e-12 1.6e-12 2.0e-12 2.5e-12 2.9e-12 3.2e-12 3.5e-12
  334    27     9  3.6e-16 5.6e-16 1.7e-15 3.1e-15 9.0e-15 3.1e-14 9.4e-13 1.4e-12 1.9e-12 2.3e-12 3.0e-12 3.7e-12 4.3e-12 4.9e-12
  335    27    10  5.6e-16 8.7e-16 2.5e-15 4.7e-15 1.3e-14 4.3e-14 1.4e-12 2.0e-12 2.6e-12 3.0e-12 3.6e-12 4.1e-12 4.5e-12 4.8e-12
  336    27    11  8.4e-16 1.3e-15 3.8e-15 7.0e-15 1.9e-14 6.0e-14 1.8e-12 2.4e-12 2.9e-12 3.5e-12 4.5e-12 5.6e-12 6.5e-12 7.4e-12
  337    27    12  1.3e-15 2.0e-15 5.7e-15 1.0e-14 2.7e-14 8.3e-14 2.5e-12 3.2e-12 3.8e-12 4.3e-12 5.0e-12 5.5e-12 5.9e-12 6.3e-12
  338    27    13  1.8e-15 3.0e-15 8.4e-15 1.5e-14 3.9e-14 1.1e-13 2.9e-12 3.6e-12 4.4e-12 5.2e-12 6.8e-12 8.2e-12 9.5e-12 1.1e-11
  339    27    14  2.7e-15 4.5e-15 1.2e-14 2.3e-14 5.5e-14 1.6e-13 4.2e-12 4.9e-12 5.5e-12 6.0e-12 6.7e-12 7.3e-12 7.7e-12 8.0e-12
  340    27    15  3.9e-15 6.6e-15 1.8e-14 3.4e-14 7.9e-14 2.2e-13 4.3e-12 5.3e-12 6.6e-12 7.9e-12 1.0e-11 1.2e-11 1.4e-11 1.5e-11
  341    27    16  5.5e-15 9.7e-15 2.7e-14 5.0e-14 1.1e-13 3.0e-13 6.6e-12 7.2e-12 7.8e-12 8.3e-12 8.9e-12 9.4e-12 9.8e-12 1.0e-11
  342    27    17  7.6e-15 1.4e-14 3.9e-14 7.3e-14 1.6e-13 4.1e-13 5.9e-12 7.9e-12 1.0e-11 1.2e-11 1.5e-11 1.8e-11 2.0e-11 2.2e-11
  343    27    18  1.0e-14 2.0e-14 5.8e-14 1.1e-13 2.3e-13 5.5e-13 1.0e-11 1.0e-11 1.1e-11 1.1e-11 1.2e-11 1.2e-11 1.3e-11 1.3e-11
  344    27    19  1.4e-14 2.9e-14 8.4e-14 1.6e-13 3.2e-13 7.6e-13 8.3e-12 1.3e-11 1.6e-11 1.9e-11 2.4e-11 2.7e-11 2.9e-11 3.1e-11
  345    27    20  2.7e-14 5.3e-14 1.5e-13 2.5e-13 5.2e-13 1.2e-12 1.5e-11 1.5e-11 1.5e-11 1.5e-11 1.5e-11 1.6e-11 1.6e-11 1.6e-11
  346    27    21  8.2e-14 1.8e-13 4.7e-13 9.1e-13 1.5e-12 2.7e-12 1.3e-11 2.1e-11 2.7e-11 3.1e-11 3.7e-11 4.1e-11 4.3e-11 4.6e-11
  347    27    22  2.8e-14 7.6e-14 2.3e-13 4.5e-13 8.0e-13 1.6e-12 2.1e-11 2.0e-11 2.0e-11 2.0e-11 2.0e-11 2.0e-11 2.0e-11 2.0e-11
  348    27    23  1.5e-13 4.0e-13 1.2e-12 2.3e-12 3.5e-12 6.3e-12 2.5e-11 3.6e-11 4.5e-11 5.1e-11 5.9e-11 6.4e-11 6.8e-11 7.2e-11
  349    27    24  3.8e-14 1.2e-13 3.9e-13 7.5e-13 1.3e-12 2.4e-12 3.0e-11 2.7e-11 2.7e-11 2.6e-11 2.6e-11 2.6e-11 2.6e-11 2.6e-11
  350    27    25  3.8e-13 1.3e-12 4.2e-12 7.8e-12 1.2e-11 2.0e-11 6.1e-11 7.6e-11 8.9e-11 9.9e-11 1.1e-10 1.2e-10 1.3e-10 1.3e-10
  351    27    26  1.2e-13 3.5e-13 9.7e-13 1.7e-12 2.5e-12 4.2e-12 3.7e-11 3.4e-11 3.3e-11 3.3e-11 3.3e-11 3.3e-11 3.4e-11 3.4e-11
  352    28     1  1.7e-18 2.6e-18 9.9e-18 2.0e-17 8.3e-17 4.0e-16 9.8e-15 3.2e-14 5.7e-14 8.0e-14 1.2e-13 1.4e-13 1.7e-13 1.9e-13
  353    28     2  5.5e-18 8.5e-18 3.2e-17 6.5e-17 2.6e-16 1.2e-15 3.1e-14 9.5e-14 1.6e-13 2.2e-13 3.0e-13 3.7e-13 4.2e-13 4.5e-13
  354    28     3  1.1e-17 1.7e-17 6.1e-17 1.2e-16 4.8e-16 2.3e-15 5.7e-14 1.8e-13 3.1e-13 4.2e-13 6.0e-13 7.4e-13 8.5e-13 9.5e-13
  355    28     4  1.9e-17 2.9e-17 1.0e-16 2.1e-16 7.9e-16 3.5e-15 8.7e-14 2.5e-13 4.1e-13 5.5e-13 7.5e-13 9.0e-13 1.0e-12 1.1e-12
  356    28     5  3.2e-17 4.9e-17 1.7e-16 3.3e-16 1.2e-15 5.2e-15 1.4e-13 4.0e-13 6.3e-13 8.4e-13 1.2e-12 1.4e-12 1.6e-12 1.7e-12
  357    28     6  5.2e-17 8.1e-17 2.7e-16 5.3e-16 1.8e-15 7.5e-15 1.9e-13 5.0e-13 7.6e-13 9.7e-13 1.3e-12 1.6e-12 1.8e-12 2.0e-12
  358    28     7  8.4e-17 1.3e-16 4.2e-16 8.1e-16 2.7e-15 1.1e-14 2.9e-13 7.5e-13 1.1e-12 1.4e-12 1.8e-12 2.2e-12 2.4e-12 2.6e-12
  359    28     8  1.3e-16 2.1e-16 6.5e-16 1.2e-15 4.0e-15 1.5e-14 3.8e-13 9.1e-13 1.3e-12 1.6e-12 2.1e-12 2.5e-12 2.9e-12 3.3e-12
  360    28     9  2.1e-16 3.3e-16 1.0e-15 1.9e-15 5.8e-15 2.1e-14 5.5e-13 1.3e-12 1.8e-12 2.2e-12 2.7e-12 3.1e-12 3.4e-12 3.7e-12
  361    28    10  3.3e-16 5.1e-16 1.5e-15 2.9e-15 8.4e-15 2.9e-14 6.9e-13 1.5e-12 2.0e-12 2.4e-12 3.2e-12 3.8e-12 4.5e-12 5.1e-12
  362    28    11  5.0e-16 7.9e-16 2.3e-15 4.3e-15 1.2e-14 4.1e-14 9.6e-13 2.1e-12 2.7e-12 3.2e-12 3.8e-12 4.3e-12 4.7e-12 5.0e-12
  363    28    12  7.5e-16 1.2e-15 3.5e-15 6.4e-15 1.8e-14 5.6e-14 1.1e-12 2.4e-12 3.1e-12 3.6e-12 4.7e-12 5.8e-12 6.7e-12 7.6e-12
  364    28    13  1.1e-15 1.8e-15 5.2e-15 9.6e-15 2.5e-14 7.8e-14 1.5e-12 3.2e-12 4.0e-12 4.5e-12 5.2e-12 5.8e-12 6.2e-12 6.5e-12
  365    28    14  1.6e-15 2.7e-15 7.6e-15 1.4e-14 3.6e-14 1.1e-13 1.6e-12 3.4e-12 4.4e-12 5.3e-12 7.0e-12 8.4e-12 9.8e-12 1.1e-11
  366    28    15  2.4e-15 4.0e-15 1.1e-14 2.1e-14 5.1e-14 1.5e-13 2.3e-12 4.7e-12 5.7e-12 6.3e-12 7.0e-12 7.5e-12 8.0e-12 8.3e-12
  367    28    16  3.4e-15 5.9e-15 1.7e-14 3.1e-14 7.3e-14 2.0e-13 2.1e-12 4.7e-12 6.4e-12 7.9e-12 1.0e-11 1.2e-11 1.4e-11 1.5e-11
  368    28    17  4.8e-15 8.6e-15 2.4e-14 4.5e-14 1.0e-13 2.8e-13 3.4e-12 6.6e-12 7.9e-12 8.5e-12 9.3e-12 9.8e-12 1.0e-11 1.0e-11
  369    28    18  6.7e-15 1.2e-14 3.5e-14 6.7e-14 1.5e-13 3.8e-13 2.8e-12 6.7e-12 9.6e-12 1.2e-11 1.5e-11 1.8e-11 2.0e-11 2.2e-11
  370    28    19  9.1e-15 1.8e-14 5.2e-14 9.8e-14 2.1e-13 5.1e-13 4.7e-12 9.1e-12 1.1e-11 1.1e-11 1.2e-11 1.3e-11 1.3e-11 1.3e-11
  371    28    20  1.2e-14 2.6e-14 7.5e-14 1.4e-13 2.9e-13 7.0e-13 4.2e-12 1.1e-11 1.5e-11 1.9e-11 2.3e-11 2.7e-11 2.9e-11 3.1e-11
  372    28    21  2.4e-14 4.7e-14 1.4e-13 2.3e-13 4.8e-13 1.1e-12 6.5e-12 1.2e-11 1.4e-11 1.5e-11 1.6e-11 1.6e-11 1.6e-11 1.6e-11
  373    28    22  7.1e-14 1.5e-13 4.2e-13 8.2e-13 1.3e-12 2.5e-12 7.4e-12 1.8e-11 2.5e-11 2.9e-11 3.6e-11 4.0e-11 4.3e-11 4.5e-11
  374    28    23  2.4e-14 6.7e-14 2.0e-13 4.1e-13 7.3e-13 1.5e-12 8.7e-12 1.6e-11 1.9e-11 2.0e-11 2.0e-11 2.0e-11 2.0e-11 2.1e-11
  375    28    24  1.3e-13 3.5e-13 1.1e-12 2.0e-12 3.2e-12 5.9e-12 1.4e-11 3.2e-11 4.2e-11 4.9e-11 5.8e-11 6.3e-11 6.7e-11 7.1e-11
  376    28    25  3.3e-14 1.0e-13 3.5e-13 6.7e-13 1.2e-12 2.2e-12 1.1e-11 2.1e-11 2.4e-11 2.5e-11 2.6e-11 2.6e-11 2.6e-11 2.6e-11
  377    28    26  3.3e-13 1.1e-12 3.7e-12 7.0e-12 1.1e-11 1.8e-11 3.1e-11 6.7e-11 8.4e-11 9.5e-11 1.1e-10 1.2e-10 1.3e-10 1.3e-10
  378    28    27  1.0e-13 3.1e-13 8.6e-13 1.5e-12 2.3e-12 3.9e-12 1.3e-11 2.6e-11 3.0e-11 3.1e-11 3.3e-11 3.3e-11 3.4e-11 3.4e-11
  379    29     1  9.2e-19 1.5e-18 5.8e-18 1.2e-17 5.3e-17 2.7e-16 9.9e-15 2.6e-14 4.5e-14 6.3e-14 8.9e-14 1.1e-13 1.2e-13 1.4e-13
  380    29     2  3.0e-18 4.8e-18 1.9e-17 3.9e-17 1.7e-16 8.5e-16 3.1e-14 8.6e-14 1.5e-13 2.1e-13 3.1e-13 3.8e-13 4.5e-13 5.0e-13
  381    29     3  6.0e-18 9.4e-18 3.6e-17 7.5e-17 3.1e-16 1.5e-15 5.6e-14 1.4e-13 2.4e-13 3.3e-13 4.6e-13 5.6e-13 6.3e-13 6.9e-13
  382    29     4  1.1e-17 1.7e-17 6.2e-17 1.3e-16 5.0e-16 2.4e-15 9.3e-14 2.3e-13 3.9e-13 5.3e-13 7.6e-13 9.4e-13 1.1e-12 1.2e-12
  383    29     5  1.8e-17 2.8e-17 1.0e-16 2.0e-16 7.8e-16 3.6e-15 1.3e-13 3.1e-13 4.9e-13 6.5e-13 8.9e-13 1.1e-12 1.2e-12 1.3e-12
  384    29     6  3.0e-17 4.6e-17 1.6e-16 3.2e-16 1.2e-15 5.1e-15 2.1e-13 4.7e-13 7.3e-13 9.5e-13 1.3e-12 1.6e-12 1.8e-12 1.9e-12
  385    29     7  4.8e-17 7.5e-17 2.5e-16 5.0e-16 1.7e-15 7.3e-15 2.9e-13 5.9e-13 8.6e-13 1.1e-12 1.5e-12 1.7e-12 2.0e-12 2.2e-12
  386    29     8  7.7e-17 1.2e-16 3.9e-16 7.6e-16 2.6e-15 1.0e-14 4.4e-13 8.7e-13 1.2e-12 1.5e-12 2.0e-12 2.3e-12 2.6e-12 2.8e-12
  387    29     9  1.2e-16 1.9e-16 6.0e-16 1.2e-15 3.7e-15 1.4e-14 5.8e-13 1.0e-12 1.4e-12 1.7e-12 2.2e-12 2.7e-12 3.1e-12 3.4e-12
  388    29    10  1.9e-16 3.0e-16 9.2e-16 1.8e-15 5.4e-15 2.0e-14 8.6e-13 1.5e-12 1.9e-12 2.3e-12 2.9e-12 3.3e-12 3.6e-12 3.9e-12
  389    29    11  2.9e-16 4.6e-16 1.4e-15 2.7e-15 7.9e-15 2.8e-14 1.1e-12 1.8e-12 2.2e-12 2.6e-12 3.3e-12 4.0e-12 4.6e-12 5.2e-12
  390    29    12  4.5e-16 7.1e-16 2.1e-15 4.0e-15 1.1e-14 3.8e-14 1.5e-12 2.4e-12 3.0e-12 3.4e-12 4.0e-12 4.5e-12 4.9e-12 5.2e-12
  391    29    13  6.7e-16 1.1e-15 3.1e-15 5.9e-15 1.6e-14 5.3e-14 1.8e-12 2.7e-12 3.3e-12 3.8e-12 4.8e-12 5.9e-12 6.9e-12 7.8e-12
  392    29    14  9.9e-16 1.6e-15 4.7e-15 8.8e-15 2.3e-14 7.3e-14 2.5e-12 3.7e-12 4.4e-12 4.8e-12 5.5e-12 6.0e-12 6.4e-12 6.8e-12
  393    29    15  1.5e-15 2.4e-15 6.9e-15 1.3e-14 3.3e-14 1.0e-13 2.6e-12 3.8e-12 4.7e-12 5.5e-12 7.1e-12 8.6e-12 9.9e-12 1.1e-11
  394    29    16  2.1e-15 3.6e-15 1.0e-14 1.9e-14 4.7e-14 1.4e-13 4.0e-12 5.5e-12 6.2e-12 6.7e-12 7.3e-12 7.8e-12 8.2e-12 8.6e-12
  395    29    17  3.0e-15 5.2e-15 1.5e-14 2.8e-14 6.7e-14 1.9e-13 3.4e-12 5.2e-12 6.7e-12 8.1e-12 1.0e-11 1.2e-11 1.4e-11 1.6e-11
  396    29    18  4.2e-15 7.6e-15 2.2e-14 4.1e-14 9.5e-14 2.6e-13 5.9e-12 8.0e-12 8.7e-12 9.1e-12 9.7e-12 1.0e-11 1.0e-11 1.1e-11
  397    29    19  5.9e-15 1.1e-14 3.2e-14 6.1e-14 1.3e-13 3.5e-13 4.3e-12 7.3e-12 9.9e-12 1.2e-11 1.5e-11 1.8e-11 2.0e-11 2.2e-11
  398    29    20  8.0e-15 1.6e-14 4.6e-14 8.9e-14 1.9e-13 4.8e-13 8.6e-12 1.1e-11 1.2e-11 1.2e-11 1.3e-11 1.3e-11 1.3e-11 1.4e-11
  399    29    21  1.1e-14 2.3e-14 6.8e-14 1.3e-13 2.7e-13 6.5e-13 5.9e-12 1.1e-11 1.5e-11 1.8e-11 2.3e-11 2.6e-11 2.9e-11 3.1e-11
  400    29    22  2.1e-14 4.1e-14 1.2e-13 2.1e-13 4.4e-13 1.0e-12 1.2e-11 1.6e-11 1.6e-11 1.6e-11 1.7e-11 1.7e-11 1.7e-11 1.7e-11
  401    29    23  6.2e-14 1.4e-13 3.8e-13 7.4e-13 1.2e-12 2.3e-12 9.7e-12 1.8e-11 2.4e-11 2.9e-11 3.5e-11 3.9e-11 4.3e-11 4.5e-11
  402    29    24  2.1e-14 5.9e-14 1.8e-13 3.7e-13 6.6e-13 1.4e-12 1.7e-11 2.1e-11 2.2e-11 2.2e-11 2.2e-11 2.1e-11 2.1e-11 2.1e-11
  403    29    25  1.1e-13 3.1e-13 9.6e-13 1.8e-12 2.9e-12 5.4e-12 1.9e-11 3.3e-11 4.2e-11 4.8e-11 5.7e-11 6.2e-11 6.7e-11 7.0e-11
  404    29    26  2.9e-14 9.1e-14 3.1e-13 6.1e-13 1.1e-12 2.0e-12 2.4e-11 2.8e-11 2.9e-11 2.9e-11 2.8e-11 2.8e-11 2.7e-11 2.7e-11
  405    29    27  2.8e-13 9.9e-13 3.3e-12 6.3e-12 9.8e-12 1.7e-11 4.9e-11 7.2e-11 8.6e-11 9.5e-11 1.1e-10 1.2e-10 1.2e-10 1.3e-10
  406    29    28  8.8e-14 2.7e-13 7.7e-13 1.4e-12 2.1e-12 3.6e-12 3.0e-11 3.5e-11 3.6e-11 3.6e-11 3.5e-11 3.5e-11 3.5e-11 3.5e-11
  407    30     1  5.1e-19 8.1e-19 3.4e-18 7.4e-18 3.4e-17 1.8e-16 8.1e-15 2.3e-14 4.2e-14 6.0e-14 8.9e-14 1.1e-13 1.3e-13 1.5e-13
  408    30     2  1.7e-18 2.7e-18 1.1e-17 2.4e-17 1.1e-16 5.7e-16 2.6e-14 6.9e-14 1.2e-13 1.7e-13 2.4e-13 3.0e-13 3.4e-13 3.7e-13
  409    30     3  3.3e-18 5.3e-18 2.1e-17 4.5e-17 2.0e-16 1.0e-15 4.8e-14 1.3e-13 2.3e-13 3.2e-13 4.6e-13 5.8e-13 6.7e-13 7.4e-13
  410    30     4  5.9e-18 9.4e-18 3.6e-17 7.7e-17 3.2e-16 1.6e-15 7.5e-14 1.8e-13 3.1e-13 4.2e-13 5.9e-13 7.2e-13 8.1e-13 8.8e-13
  411    30     5  1.0e-17 1.6e-17 6.0e-17 1.2e-16 5.0e-16 2.4e-15 1.2e-13 2.8e-13 4.7e-13 6.4e-13 9.0e-13 1.1e-12 1.3e-12 1.4e-12
  412    30     6  1.7e-17 2.6e-17 9.5e-17 1.9e-16 7.5e-16 3.5e-15 1.7e-13 3.6e-13 5.7e-13 7.5e-13 1.0e-12 1.2e-12 1.4e-12 1.5e-12
  413    30     7  2.7e-17 4.3e-17 1.5e-16 3.0e-16 1.1e-15 5.0e-15 2.6e-13 5.4e-13 8.2e-13 1.1e-12 1.4e-12 1.7e-12 1.9e-12 2.1e-12
  414    30     8  4.4e-17 6.9e-17 2.3e-16 4.7e-16 1.6e-15 7.0e-15 3.5e-13 6.6e-13 9.6e-13 1.2e-12 1.6e-12 1.9e-12 2.2e-12 2.4e-12
  415    30     9  7.0e-17 1.1e-16 3.6e-16 7.2e-16 2.4e-15 9.8e-15 5.3e-13 9.5e-13 1.3e-12 1.6e-12 2.1e-12 2.5e-12 2.8e-12 3.0e-12
  416    30    10  1.1e-16 1.7e-16 5.5e-16 1.1e-15 3.5e-15 1.4e-14 7.0e-13 1.1e-12 1.5e-12 1.8e-12 2.4e-12 2.8e-12 3.2e-12 3.6e-12
  417    30    11  1.7e-16 2.7e-16 8.4e-16 1.6e-15 5.1e-15 1.9e-14 1.0e-12 1.6e-12 2.1e-12 2.5e-12 3.0e-12 3.4e-12 3.8e-12 4.0e-12
  418    30    12  2.6e-16 4.2e-16 1.3e-15 2.5e-15 7.3e-15 2.6e-14 1.3e-12 1.8e-12 2.3e-12 2.7e-12 3.4e-12 4.1e-12 4.8e-12 5.4e-12
  419    30    13  4.0e-16 6.4e-16 1.9e-15 3.7e-15 1.0e-14 3.6e-14 1.8e-12 2.5e-12 3.1e-12 3.5e-12 4.2e-12 4.7e-12 5.1e-12 5.4e-12
  420    30    14  6.0e-16 9.7e-16 2.8e-15 5.4e-15 1.5e-14 5.0e-14 2.1e-12 2.7e-12 3.3e-12 3.8e-12 4.9e-12 6.0e-12 7.0e-12 7.9e-12
  421    30    15  8.8e-16 1.5e-15 4.2e-15 8.0e-15 2.1e-14 6.8e-14 3.0e-12 3.8e-12 4.5e-12 4.9e-12 5.6e-12 6.2e-12 6.6e-12 7.0e-12
  422    30    16  1.3e-15 2.2e-15 6.3e-15 1.2e-14 3.1e-14 9.3e-14 3.0e-12 3.8e-12 4.7e-12 5.5e-12 7.1e-12 8.7e-12 1.0e-11 1.1e-11
  423    30    17  1.9e-15 3.2e-15 9.2e-15 1.7e-14 4.3e-14 1.3e-13 4.7e-12 5.7e-12 6.3e-12 6.8e-12 7.5e-12 8.0e-12 8.5e-12 8.8e-12
  424    30    18  2.7e-15 4.7e-15 1.3e-14 2.6e-14 6.1e-14 1.7e-13 3.9e-12 5.2e-12 6.6e-12 8.0e-12 1.0e-11 1.2e-11 1.4e-11 1.6e-11
  425    30    19  3.7e-15 6.8e-15 2.0e-14 3.8e-14 8.7e-14 2.4e-13 7.2e-12 8.2e-12 8.9e-12 9.3e-12 9.9e-12 1.0e-11 1.1e-11 1.1e-11
  426    30    20  5.2e-15 9.8e-15 2.9e-14 5.5e-14 1.2e-13 3.2e-13 5.0e-12 7.2e-12 9.7e-12 1.2e-11 1.5e-11 1.8e-11 2.0e-11 2.2e-11
  427    30    21  7.1e-15 1.4e-14 4.2e-14 8.1e-14 1.7e-13 4.4e-13 1.1e-11 1.2e-11 1.2e-11 1.3e-11 1.3e-11 1.3e-11 1.4e-11 1.4e-11
  428    30    22  9.6e-15 2.0e-14 6.1e-14 1.2e-13 2.5e-13 6.0e-13 6.8e-12 1.1e-11 1.5e-11 1.8e-11 2.3e-11 2.6e-11 2.9e-11 3.1e-11
  429    30    23  1.8e-14 3.6e-14 1.1e-13 1.9e-13 4.0e-13 9.6e-13 1.5e-11 1.6e-11 1.7e-11 1.7e-11 1.7e-11 1.7e-11 1.7e-11 1.7e-11
  430    30    24  5.5e-14 1.2e-13 3.4e-13 6.7e-13 1.1e-12 2.2e-12 1.1e-11 1.8e-11 2.4e-11 2.8e-11 3.5e-11 3.9e-11 4.2e-11 4.5e-11
  431    30    25  1.9e-14 5.2e-14 1.6e-13 3.3e-13 6.0e-13 1.3e-12 2.3e-11 2.3e-11 2.2e-11 2.2e-11 2.2e-11 2.2e-11 2.2e-11 2.2e-11
  432    30    26  1.0e-13 2.8e-13 8.6e-13 1.7e-12 2.7e-12 5.0e-12 2.2e-11 3.2e-11 4.1e-11 4.7e-11 5.6e-11 6.2e-11 6.6e-11 6.9e-11
  433    30    27  2.5e-14 8.1e-14 2.8e-13 5.5e-13 9.6e-13 1.8e-12 3.4e-11 3.2e-11 3.1e-11 3.0e-11 2.9e-11 2.8e-11 2.8e-11 2.8e-11
  434    30    28  2.5e-13 8.7e-13 3.0e-12 5.7e-12 8.9e-12 1.5e-11 5.8e-11 7.2e-11 8.5e-11 9.5e-11 1.1e-10 1.2e-10 1.2e-10 1.3e-10
  435    30    29  7.7e-14 2.4e-13 6.9e-13 1.2e-12 1.9e-12 3.3e-12 4.6e-11 4.1e-11 3.9e-11 3.8e-11 3.7e-11 3.7e-11 3.6e-11 3.6e-11
!NOTES:
!Energy levels, transition frequencies and Einstein A coefficients from CDMS
