!MOLECULE
HDO
!MOLECULAR WEIGHT
19.0
!NUMBER OF ENERGY LEVELS
34
!LEVEL + ENERGIES(cm^-1) + WEIGHT + J, Ko, Kp
  1         0.000000        1.0      0_0_0
  2        15.508200        3.0      1_0_1
  3        29.808600        3.0      1_1_1
  4        32.496400        3.0      1_1_0
  5        46.173100        5.0      2_0_2
  6        58.126900        5.0      2_1_2
  7        66.184500        5.0      2_1_1
  8        91.330200        7.0      3_0_3
  9       100.390900        7.0      3_1_3
 10       108.926200        5.0      2_2_1
 11       109.269100        5.0      2_2_0
 12       116.461300        7.0      3_1_2
 13       150.156200        9.0      4_0_4
 14       155.389000        7.0      3_2_2
 15       156.382200        9.0      4_1_4
 16       157.064700        7.0      3_2_1
 17       182.983500        9.0      4_1_3
 18       217.041800        9.0      4_2_3
 19       221.836100        9.0      4_2_2
 20       221.946000       11.0      5_0_5
 21       225.864800       11.0      5_1_5
 22       233.023700        7.0      3_3_1
 23       233.051200        7.0      3_3_0
 24       265.236200       11.0      5_1_4
 25       293.636400       11.0      5_2_4
 26       295.487200        9.0      4_3_2
 27       295.677400        9.0      4_3_1
 28       303.994700       11.0      5_2_3
 29       306.314700       13.0      6_0_6
 30       308.615600       13.0      6_1_6
 31       362.507100       13.0      6_1_5
 32       373.665800       11.0      5_3_3
 33       374.409900       11.0      5_3_2
 34       384.875400       13.0      6_2_5
!NUMBER OF RADIATIVE TRANSITIONS
140
!TRANS + UP + LOW + EINSTEINA(s^-1) + FREQ(GHz) + E_u(K)
  1    2    1      1.692e-04         464.924520     22.3
  2    3    1      8.352e-03         893.638666     42.9
  3    4    3      1.322e-06          80.578295     46.8
  4    4    2      2.319e-03         509.292420     46.8
  5    5    3      5.247e-04         490.596640     66.4
  6    5    2      1.562e-03         919.310885     66.4
  7    6    3      9.273e-04         848.961843     83.6
  8    6    2      2.197e-02        1277.675928     83.6
  9    7    6      1.187e-05         241.561550     95.2
 10    7    5      3.455e-03         599.926710     95.2
 11    7    4      1.561e-03        1009.944697     95.2
 12    8    6      7.044e-03         995.411501    131.4
 13    8    5      5.300e-03        1353.776571    131.4
 14    9    6      3.909e-03        1267.043013    144.4
 15    9    5      4.491e-02        1625.408082    144.4
 16   10    6      2.067e-02        1522.925810    156.7
 17   10    5      1.218e-04        1881.290880    156.7
 18   10    4      1.267e-01        2291.309298    156.7
 19   11   10      3.637e-09          10.278246    157.2
 20   11    9      1.752e-05         266.161070    157.2
 21   11    8      9.940e-07         537.792553    157.2
 22   11    7      1.596e-02        1291.642483    157.2
 23   11    3      1.298e-01        2382.165830    157.2
 24   11    2      2.438e-04        2810.879984    157.2
 25   12   10      1.319e-05         225.896720    167.6
 26   12    9      4.741e-05         481.779500    167.6
 27   12    8      5.904e-03         753.411150    167.6
 28   12    7      6.578e-03        1507.260957    167.6
 29   13    9      3.072e-02        1491.926917    216.0
 30   13    8      1.205e-02        1763.558428    216.0
 31   14   10      3.251e-03        1392.918633    223.6
 32   14    9      3.080e-02        1648.801430    223.6
 33   14    8      3.041e-04        1920.432941    223.6
 34   14    7      1.599e-01        2674.282871    223.6
 35   15    9      9.923e-03        1678.577746    225.0
 36   15    8      8.104e-02        1950.209230    225.0
 37   16   15      9.580e-09          20.460010    226.0
 38   16   14      2.080e-07          50.236300    226.0
 39   16   13      1.144e-07         207.110852    226.0
 40   16   12      1.898e-02        1217.258253    226.0
 41   16   11      3.541e-03        1432.876727    226.0
 42   16    6      1.627e-01        2966.080782    226.0
 43   16    5      8.768e-04        3324.445852    226.0
 44   17   15      1.318e-04         797.487016    263.3
 45   17   14      1.281e-03         827.263389    263.3
 46   17   13      1.079e-02         984.137828    263.3
 47   17   12      1.661e-02        1994.285242    263.3
 48   18   15      4.123e-02        1818.529665    312.3
 49   18   14      1.062e-02        1848.305981    312.3
 50   18   13      5.460e-04        2005.180494    312.3
 51   18   12      2.054e-01        3015.327895    312.3
 52   19   18      2.807e-06         143.727210    319.2
 53   19   17      2.005e-02        1164.769937    319.2
 54   19   16      1.234e-02        1941.796926    319.2
 55   19    9      1.960e-01        3640.834695    319.2
 56   19    8      1.996e-03        3912.466206    319.2
 57   20   19      4.343e-13           3.296759    319.3
 58   20   15      8.280e-02        1965.553708    319.3
 59   20   13      2.231e-02        2152.204537    319.3
 60   21   19      1.337e-06         120.778190    325.0
 61   21   15      1.983e-02        2083.035132    325.0
 62   21   13      1.363e-01        2269.685961    325.0
 63   22   19      2.608e-05         335.395500    335.3
 64   22   15      5.622e-06        2297.652450    335.3
 65   22   14      6.091e-02        2327.428766    335.3
 66   22   13      1.560e-04        2484.303279    335.3
 67   22   12      1.569e-04        3494.450680    335.3
 68   22   11      6.265e-01        3710.069154    335.3
 69   22    6      4.166e-04        5243.273209    335.3
 70   22    5      3.242e-03        5601.638279    335.3
 71   23   22      2.120e-12           0.824671    335.3
 72   23   18      7.282e-05         479.947370    335.3
 73   23   17      3.673e-06        1500.990106    335.3
 74   23   16      5.791e-02        2278.017094    335.3
 75   23   10      6.302e-01        3721.172066    335.3
 76   23    9      1.376e-04        3977.054864    335.3
 77   23    8      2.238e-03        4248.686375    335.3
 78   23    7      4.684e-04        5002.536304    335.3
 79   24   21      2.973e-04        1180.323534    381.6
 80   24   20      1.976e-02        1297.804958    381.6
 81   24   18      1.025e-02        1444.829001    381.6
 82   24   17      3.273e-02        2465.871654    381.6
 83   25   21      5.437e-02        2031.742756    422.5
 84   25   20      8.508e-04        2149.224180    422.5
 85   25   18      2.328e-02        2296.248223    422.5
 86   25   17      2.632e-01        3317.290876    422.5
 87   26   22      6.460e-03        1872.608588    425.1
 88   26   21      9.504e-06        2087.225907    425.1
 89   26   20      3.390e-04        2204.707331    425.1
 90   26   18      8.880e-02        2351.731374    425.1
 91   26   17      4.065e-04        3372.774027    425.1
 92   26   16      6.855e-01        4149.801015    425.1
 93   26    9      1.025e-03        5848.838785    425.1
 94   26    8      1.564e-02        6120.470296    425.1
 95   27   26      4.175e-10           5.702780    425.4
 96   27   25      2.664e-07          61.185950    425.4
 97   27   24      2.746e-06         912.605202    425.4
 98   27   23      6.510e-03        1877.486750    425.4
 99   27   19      7.727e-02        2213.706919    425.4
100   27   15      3.250e-04        4175.963868    425.4
101   27   14      7.023e-01        4205.740184    425.4
102   27   13      8.171e-03        4362.614697    425.4
103   27   12      1.320e-03        5372.762098    425.4
104   28   26      1.788e-05         255.050260    437.4
105   28   25      1.782e-05         310.533290    437.4
106   28   24      2.191e-02        1161.952608    437.4
107   28   19      2.892e-02        2463.054325    437.4
108   28   15      2.214e-01        4425.311274    437.4
109   28   13      3.357e-03        4611.962103    437.4
110   29   28      3.483e-09          69.550580    440.7
111   29   21      1.701e-01        2411.826820    440.7
112   29   20      3.674e-02        2529.308244    440.7
113   30   28      1.437e-06         138.530570    444.0
114   30   21      3.439e-02        2480.806676    444.0
115   30   20      2.181e-01        2598.288100    444.0
116   31   30      5.843e-04        1615.625968    521.6
117   31   29      3.475e-02        1684.605824    521.6
118   31   25      4.071e-02        2064.689889    521.6
119   31   24      5.531e-02        2916.109110    521.6
120   32   30      1.114e-05        1950.154513    537.6
121   32   29      4.526e-04        2019.134369    537.6
122   32   26      1.894e-02        2343.735282    537.6
123   32   25      1.079e-01        2399.218433    537.6
124   32   24      7.432e-04        3250.637655    537.6
125   32   19      7.540e-01        4551.739372    537.6
126   32   15      1.837e-03        6513.996321    537.6
127   32   13      4.381e-02        6700.647150    537.6
128   33   32      1.641e-08          22.307670    538.7
129   33   31      3.532e-07         356.835850    538.7
130   33   28      8.121e-02        2110.992547    538.7
131   33   27      1.935e-02        2360.339953    538.7
132   33   21      5.252e-04        4453.268689    538.7
133   33   20      1.732e-02        4570.750113    538.7
134   33   18      7.963e-01        4717.774156    538.7
135   33   17      2.849e-03        5738.816809    538.7
136   34   33      3.754e-05         313.750620    553.7
137   34   30      7.149e-02        2286.212639    553.7
138   34   29      1.229e-03        2355.192495    553.7
139   34   25      4.220e-02        2735.276559    553.7
140   34   24      3.372e-01        3586.695781    553.7
!NUMBER OF COLL PARTNERS
1
!COLLISIONS BETWEEN
1 HDO - H2 scaled (*1.35) HDO-He rate coefficients from Green (1989)
!NUMBER OF COLL TRANS
561
!NUMBER OF COLL TEMPS
6
!COLL TEMPS
   50.0  100.0  200.0  300.0  400.0  500.0
!TRANS + UP + LOW + COLLRATES(cm^3 s^-1)
  1	2     1    3.2e-12   6.3e-12   1.3e-11   1.9e-11   2.4e-11   3.0e-11
  2	3     1    7.3e-14   9.7e-14   2.8e-13   5.8e-13   8.9e-13   1.2e-12
  3	3     2    1.3e-12   1.2e-12   1.2e-12   1.4e-12   1.5e-12   1.6e-12
  4	4     1    1.0e-13   5.1e-14   2.2e-14   1.3e-14   8.8e-15   6.5e-15
  5	4     2    3.1e-13   2.4e-13   4.6e-13   8.9e-13   1.4e-12   1.9e-12
  6	4     3    5.8e-12   9.5e-12   1.9e-11   2.8e-11   3.6e-11   4.3e-11
  7	5     1    3.1e-12   3.1e-12   3.0e-12   2.8e-12   2.7e-12   2.7e-12
  8	5     2    7.0e-12   1.3e-11   2.4e-11   3.5e-11   4.5e-11   5.3e-11
  9	5     3    4.5e-13   8.9e-13   1.9e-12   2.7e-12   3.5e-12   4.2e-12
 10	5     4    1.4e-12   1.2e-12   1.3e-12   1.5e-12   1.6e-12   1.8e-12
 11	6     1    3.6e-13   4.2e-13   5.3e-13   6.3e-13   7.4e-13   8.2e-13
 12	6     2    8.4e-13   1.5e-12   2.8e-12   4.2e-12   5.4e-12   6.5e-12
 13	6     3    4.9e-12   8.6e-12   1.6e-11   2.4e-11   3.1e-11   3.6e-11
 14	6     4    2.7e-12   2.6e-12   2.6e-12   2.7e-12   2.8e-12   3.0e-12
 15	6     5    4.7e-13   6.6e-13   1.2e-12   1.9e-12   2.4e-12   3.0e-12
 16	7     1    6.8e-15   3.8e-15   1.9e-15   1.3e-15   1.1e-15   9.6e-16
 17	7     2    2.0e-13   2.3e-13   2.8e-13   3.2e-13   3.8e-13   4.2e-13
 18	7     3    1.3e-11   1.3e-11   1.2e-11   1.1e-11   1.1e-11   1.0e-11
 19	7     4    4.1e-12   7.0e-12   1.3e-11   1.9e-11   2.4e-11   3.0e-11
 20	7     5    4.6e-13   9.6e-13   2.2e-12   3.4e-12   4.6e-12   5.5e-12
 21	7     6    3.1e-12   6.8e-12   1.5e-11   2.2e-11   2.7e-11   3.2e-11
 22	8     1    2.2e-12   3.1e-12   5.3e-12   7.0e-12   8.5e-12   9.7e-12
 23	8     2    1.6e-12   1.9e-12   2.4e-12   3.1e-12   3.6e-12   4.2e-12
 24	8     3    3.9e-13   5.3e-13   8.5e-13   1.2e-12   1.5e-12   1.8e-12
 25	8     4    1.0e-12   1.6e-12   2.8e-12   3.9e-12   4.7e-12   5.5e-12
 26	8     5    8.9e-12   1.4e-11   2.4e-11   3.5e-11   4.3e-11   5.1e-11
 27	8     6    5.5e-14   9.2e-14   2.6e-13   4.7e-13   6.9e-13   8.9e-13
 28	8     7    9.2e-13   1.1e-12   1.6e-12   2.2e-12   2.7e-12   3.1e-12
 29	9     1    7.7e-13   1.1e-12   1.8e-12   2.3e-12   2.8e-12   3.2e-12
 30	9     2    4.2e-13   6.3e-13   1.2e-12   1.8e-12   2.3e-12   2.7e-12
 31	9     3    1.1e-12   1.3e-12   1.9e-12   2.6e-12   3.1e-12   3.6e-12
 32	9     4    3.8e-12   5.9e-12   1.0e-11   1.3e-11   1.6e-11   1.9e-11
 33	9     5    4.5e-13   7.4e-13   1.5e-12   2.3e-12   3.0e-12   3.5e-12
 34	9     6    6.2e-12   9.6e-12   1.8e-11   2.4e-11   3.0e-11   3.6e-11
 35	9     7    5.3e-13   7.0e-13   1.4e-12   2.2e-12   3.0e-12   3.8e-12
 36	9     8    2.3e-13   3.0e-13   6.5e-13   1.1e-12   1.5e-12   1.9e-12
 37    10     1    4.2e-15   4.5e-15   5.1e-15   5.8e-15   6.3e-15   6.9e-15
 38    10     2    3.1e-13   5.1e-13   1.1e-12   1.8e-12   2.4e-12   3.1e-12
 39    10     3    9.5e-14   1.2e-13   1.9e-13   2.4e-13   3.0e-13   3.5e-13
 40    10     4    7.7e-13   1.2e-12   2.3e-12   3.2e-12   4.1e-12   4.9e-12
 41    10     5    6.3e-13   9.5e-13   1.5e-12   1.9e-12   2.2e-12   2.4e-12
 42    10     6    1.9e-13   2.6e-13   4.6e-13   6.9e-13   9.0e-13   1.1e-12
 43    10     7    5.0e-13   6.5e-13   1.1e-12   1.6e-12   2.2e-12   2.7e-12
 44    10     8    1.1e-12   1.1e-12   1.6e-12   2.3e-12   2.8e-12   3.4e-12
 45    10     9    8.2e-13   8.9e-13   1.1e-12   1.3e-12   1.5e-12   1.6e-12
 46    11     1    9.5e-14   1.8e-13   4.6e-13   8.0e-13   1.1e-12   1.4e-12
 47    11     2    1.8e-13   2.3e-13   3.2e-13   4.0e-13   4.9e-13   5.4e-13
 48    11     3    2.0e-13   3.5e-13   7.4e-13   1.2e-12   1.6e-12   1.9e-12
 49    11     4    9.9e-14   1.2e-13   1.8e-13   2.3e-13   2.7e-13   3.1e-13
 50    11     5    6.5e-13   8.9e-13   1.5e-12   2.2e-12   2.7e-12   3.2e-12
 51    11     6    5.3e-13   6.1e-13   8.4e-13   1.1e-12   1.3e-12   1.5e-12
 52    11     7    1.2e-12   2.0e-12   3.8e-12   5.4e-12   6.8e-12   8.0e-12
 53    11     8    6.8e-13   1.3e-12   2.4e-12   3.4e-12   4.1e-12   4.6e-12
 54    11     9    2.6e-13   5.4e-13   1.2e-12   1.8e-12   2.3e-12   2.7e-12
 55    11    10    6.3e-12   1.2e-11   2.6e-11   3.9e-11   5.0e-11   6.1e-11
 56    12     1    3.6e-16   2.6e-16   1.9e-16   1.8e-16   1.8e-16   1.8e-16
 57    12     2    1.3e-13   2.0e-13   3.4e-13   4.6e-13   5.7e-13   6.6e-13
 58    12     3    1.3e-12   2.3e-12   4.3e-12   6.3e-12   8.1e-12   9.6e-12
 59    12     4    1.2e-12   1.3e-12   1.5e-12   1.6e-12   1.8e-12   1.9e-12
 60    12     5    2.2e-13   3.1e-13   5.4e-13   7.8e-13   1.0e-12   1.2e-12
 61    12     6    3.8e-12   4.3e-12   4.9e-12   5.4e-12   5.9e-12   6.5e-12
 62    12     7    7.2e-12   1.1e-11   1.9e-11   2.7e-11   3.2e-11   3.8e-11
 63    12     8    5.1e-13   1.1e-12   2.4e-12   3.8e-12   5.0e-12   5.9e-12
 64    12     9    1.8e-12   3.8e-12   8.0e-12   1.2e-11   1.5e-11   1.8e-11
 65    12    10    6.2e-13   1.4e-12   3.0e-12   4.5e-12   5.5e-12   6.6e-12
 66    12    11    6.9e-13   8.2e-13   1.4e-12   2.0e-12   2.7e-12   3.2e-12
 67    13     1    1.0e-13   2.2e-13   5.5e-13   9.0e-13   1.2e-12   1.5e-12
 68    13     2    2.8e-12   4.2e-12   6.6e-12   8.9e-12   1.1e-11   1.2e-11
 69    13     3    5.4e-13   8.1e-13   1.4e-12   1.8e-12   2.2e-12   2.6e-12
 70    13     4    2.7e-13   4.3e-13   8.1e-13   1.2e-12   1.6e-12   1.9e-12
 71    13     5    9.0e-13   1.1e-12   1.5e-12   2.0e-12   2.4e-12   2.8e-12
 72    13     6    1.5e-13   2.8e-13   6.2e-13   9.9e-13   1.3e-12   1.6e-12
 73    13     7    8.5e-13   1.3e-12   2.3e-12   3.1e-12   3.8e-12   4.3e-12
 74    13     8    9.9e-12   1.5e-11   2.6e-11   3.5e-11   4.3e-11   5.0e-11
 75    13     9    5.5e-14   1.1e-13   3.6e-13   6.9e-13   1.0e-12   1.3e-12
 76    13    10    4.3e-13   7.4e-13   1.4e-12   1.9e-12   2.3e-12   2.6e-12
 77    13    11    1.4e-13   2.8e-13   7.3e-13   1.2e-12   1.6e-12   2.0e-12
 78    13    12    6.6e-13   8.9e-13   1.6e-12   2.3e-12   3.0e-12   3.6e-12
 79    14     1    6.8e-16   7.4e-16   9.2e-16   1.1e-15   1.2e-15   1.3e-15
 80    14     2    3.2e-13   4.2e-13   5.5e-13   6.3e-13   7.0e-13   7.6e-13
 81    14     3    9.0e-13   1.4e-12   2.3e-12   3.0e-12   3.6e-12   4.2e-12
 82    14     4    1.2e-13   2.6e-13   6.3e-13   1.1e-12   1.5e-12   1.8e-12
 83    14     5    3.1e-13   5.5e-13   1.3e-12   2.0e-12   2.8e-12   3.5e-12
 84    14     6    1.2e-13   1.9e-13   3.2e-13   4.5e-13   5.7e-13   6.6e-13
 85    14     7    9.0e-14   1.6e-13   3.8e-13   6.6e-13   9.2e-13   1.1e-12
 86    14     8    2.2e-13   3.0e-13   5.1e-13   7.3e-13   9.2e-13   1.1e-12
 87    14     9    3.4e-13   5.5e-13   1.1e-12   1.6e-12   2.2e-12   2.6e-12
 88    14    10    5.7e-12   9.3e-12   1.8e-11   2.4e-11   3.1e-11   3.6e-11
 89    14    11    4.6e-12   4.9e-12   5.0e-12   5.1e-12   5.1e-12   5.1e-12
 90    14    12    4.2e-13   4.9e-13   7.3e-13   9.9e-13   1.2e-12   1.5e-12
 91    14    13    1.5e-12   1.3e-12   1.3e-12   1.5e-12   1.6e-12   1.9e-12
 92    15     1    1.3e-13   2.2e-13   4.0e-13   6.2e-13   8.1e-13   9.9e-13
 93    15     2    8.4e-13   1.2e-12   2.0e-12   2.7e-12   3.2e-12   3.8e-12
 94    15     3    2.4e-12   3.4e-12   5.3e-12   6.9e-12   8.2e-12   9.3e-12
 95    15     4    2.6e-13   5.5e-13   1.4e-12   2.3e-12   3.1e-12   3.9e-12
 96    15     5    2.3e-13   4.5e-13   1.0e-12   1.6e-12   2.3e-12   2.7e-12
 97    15     6    8.4e-13   8.9e-13   1.0e-12   1.2e-12   1.4e-12   1.5e-12
 98    15     7    2.7e-12   3.9e-12   6.3e-12   8.2e-12   9.9e-12   1.1e-11
 99    15     8    3.5e-13   6.2e-13   1.3e-12   2.0e-12   2.7e-12   3.2e-12
100    15     9    8.6e-12   1.2e-11   2.2e-11   2.8e-11   3.6e-11   4.2e-11
101    15    10    1.8e-13   3.5e-13   7.4e-13   1.1e-12   1.5e-12   1.8e-12
102    15    11    2.3e-13   3.2e-13   5.3e-13   7.0e-13   8.4e-13   9.7e-13
103    15    12    2.6e-13   3.6e-13   8.5e-13   1.5e-12   2.0e-12   2.6e-12
104    15    13    4.5e-14   7.2e-14   1.6e-13   2.7e-13   3.8e-13   4.6e-13
105    15    14    6.1e-13   6.2e-13   8.4e-13   1.1e-12   1.5e-12   1.8e-12
106    16     1    9.5e-14   1.2e-13   1.6e-13   2.0e-13   2.4e-13   2.8e-13
107    16     2    1.1e-13   2.3e-13   5.3e-13   8.6e-13   1.2e-12   1.5e-12
108    16     3    8.2e-14   1.5e-13   3.2e-13   5.0e-13   6.5e-13   7.8e-13
109    16     4    8.0e-14   1.0e-13   1.5e-13   1.9e-13   2.3e-13   2.6e-13
110    16     5    2.2e-13   3.4e-13   5.7e-13   7.8e-13   9.6e-13   1.1e-12
111    16     6    1.4e-12   2.2e-12   3.8e-12   5.3e-12   6.5e-12   7.6e-12
112    16     7    1.1e-13   1.8e-13   3.9e-13   6.3e-13   8.6e-13   1.1e-12
113    16     8    5.3e-13   7.3e-13   1.3e-12   1.9e-12   2.6e-12   3.1e-12
114    16     9    3.0e-13   4.6e-13   9.7e-13   1.5e-12   2.0e-12   2.6e-12
115    16    10    5.5e-12   5.8e-12   5.9e-12   6.1e-12   6.1e-12   6.2e-12
116    16    11    5.1e-12   8.6e-12   1.6e-11   2.3e-11   2.8e-11   3.4e-11
117    16    12    5.5e-13   5.5e-13   8.4e-13   1.2e-12   1.6e-12   1.9e-12
118    16    13    4.6e-13   9.7e-13   2.0e-12   2.8e-12   3.6e-12   4.2e-12
119    16    14    4.2e-12   8.2e-12   1.8e-11   2.6e-11   3.2e-11   3.9e-11
120    16    15    1.1e-13   1.9e-13   4.2e-13   6.3e-13   8.2e-13   9.9e-13
121    17     1    2.3e-16   3.4e-16   4.6e-16   5.4e-16   6.1e-16   6.6e-16
122    17     2    1.6e-14   2.6e-14   4.7e-14   6.9e-14   8.9e-14   1.1e-13
123    17     3    6.5e-14   1.2e-13   2.7e-13   4.2e-13   5.7e-13   6.9e-13
124    17     4    9.0e-13   1.5e-12   2.7e-12   3.9e-12   4.9e-12   5.7e-12
125    17     5    1.4e-13   2.2e-13   3.6e-13   5.0e-13   6.1e-13   7.0e-13
126    17     6    5.3e-13   9.0e-13   1.8e-12   2.6e-12   3.4e-12   4.1e-12
127    17     7    5.0e-13   6.5e-13   9.7e-13   1.3e-12   1.6e-12   1.9e-12
128    17     8    1.6e-13   3.0e-13   6.5e-13   1.0e-12   1.3e-12   1.6e-12
129    17     9    1.0e-12   1.3e-12   1.9e-12   2.6e-12   3.1e-12   3.5e-12
130    17    10    1.9e-13   3.9e-13   9.7e-13   1.6e-12   2.3e-12   2.8e-12
131    17    11    6.9e-13   1.1e-12   1.9e-12   2.6e-12   3.2e-12   3.6e-12
132    17    12    9.6e-12   1.5e-11   2.4e-11   3.2e-11   3.9e-11   4.6e-11
133    17    13    5.5e-13   1.2e-12   2.6e-12   3.9e-12   5.0e-12   6.1e-12
134    17    14    6.1e-13   1.2e-12   2.3e-12   3.2e-12   4.2e-12   4.9e-12
135    17    15    1.1e-12   2.3e-12   4.7e-12   7.0e-12   9.0e-12   1.1e-11
136    17    16    4.6e-13   5.8e-13   9.0e-13   1.2e-12   1.5e-12   1.9e-12
137    18     1    2.7e-16   3.8e-16   4.9e-16   5.7e-16   6.3e-16   7.0e-16
138    18     2    4.0e-14   7.7e-14   1.6e-13   2.6e-13   3.2e-13   3.9e-13
139    18     3    1.1e-13   2.4e-13   5.9e-13   9.7e-13   1.3e-12   1.6e-12
140    18     4    3.2e-13   5.5e-13   1.0e-12   1.5e-12   1.8e-12   2.0e-12
141    18     5    2.2e-13   3.0e-13   4.2e-13   5.0e-13   5.8e-13   6.3e-13
142    18     6    2.8e-13   4.6e-13   7.7e-13   1.0e-12   1.2e-12   1.5e-12
143    18     7    1.0e-13   1.9e-13   3.6e-13   5.3e-13   6.8e-13   8.1e-13
144    18     8    2.2e-13   4.0e-13   9.5e-13   1.5e-12   2.0e-12   2.6e-12
145    18     9    5.1e-14   9.9e-14   2.2e-13   3.4e-13   4.3e-13   5.3e-13
146    18    10    3.5e-13   5.3e-13   9.9e-13   1.5e-12   1.9e-12   2.3e-12
147    18    11    3.0e-12   4.7e-12   8.0e-12   1.1e-11   1.3e-11   1.5e-11
148    18    12    6.9e-14   1.5e-13   4.0e-13   7.0e-13   9.7e-13   1.2e-12
149    18    13    1.8e-13   3.1e-13   6.6e-13   1.0e-12   1.3e-12   1.6e-12
150    18    14    6.5e-12   9.6e-12   1.6e-11   2.2e-11   2.7e-11   3.1e-11
151    18    15    7.0e-13   1.1e-12   2.2e-12   3.0e-12   3.8e-12   4.5e-12
152    18    16    1.9e-12   2.3e-12   2.7e-12   3.1e-12   3.5e-12   3.8e-12
153    18    17    2.3e-13   3.4e-13   5.8e-13   8.1e-13   1.0e-12   1.2e-12
154    19     1    3.5e-14   6.5e-14   1.3e-13   1.9e-13   2.4e-13   3.0e-13
155    19     2    1.6e-14   2.8e-14   8.2e-14   1.5e-13   2.2e-13   2.8e-13
156    19     3    6.8e-14   1.3e-13   2.6e-13   3.9e-13   5.0e-13   5.9e-13
157    19     4    2.8e-14   4.5e-14   7.3e-14   9.6e-14   1.1e-13   1.3e-13
158    19     5    5.8e-14   1.2e-13   3.1e-13   5.1e-13   6.8e-13   8.2e-13
159    19     6    1.2e-13   2.6e-13   6.6e-13   1.1e-12   1.5e-12   1.8e-12
160    19     7    8.4e-14   1.4e-13   2.4e-13   3.4e-13   4.2e-13   4.9e-13
161    19     8    4.5e-13   6.8e-13   1.1e-12   1.5e-12   1.8e-12   2.0e-12
162    19     9    1.5e-12   2.2e-12   3.6e-12   4.9e-12   5.8e-12   6.8e-12
163    19    10    2.4e-12   3.8e-12   6.3e-12   8.6e-12   1.1e-11   1.2e-11
164    19    11    3.2e-13   4.9e-13   8.6e-13   1.3e-12   1.6e-12   1.9e-12
165    19    12    3.9e-14   8.2e-14   2.0e-13   3.1e-13   4.2e-13   5.1e-13
166    19    13    3.0e-13   5.1e-13   1.1e-12   1.8e-12   2.3e-12   2.7e-12
167    19    14    2.2e-12   2.6e-12   3.1e-12   3.6e-12   4.1e-12   4.5e-12
168    19    15    1.9e-13   3.6e-13   8.9e-13   1.5e-12   2.0e-12   2.4e-12
169    19    16    6.6e-12   9.5e-12   1.5e-11   2.2e-11   2.6e-11   3.0e-11
170    19    17    7.2e-14   1.3e-13   3.8e-13   7.0e-13   1.0e-12   1.3e-12
171    19    18    3.2e-12   6.3e-12   1.3e-11   1.9e-11   2.4e-11   2.8e-11
172    20     1    1.5e-14   1.9e-14   2.3e-14   2.7e-14   3.0e-14   3.4e-14
173    20     2    1.9e-13   3.6e-13   8.5e-13   1.3e-12   1.8e-12   2.2e-12
174    20     3    1.0e-13   1.9e-13   4.3e-13   6.6e-13   8.6e-13   1.0e-12
175    20     4    1.5e-14   2.8e-14   6.5e-14   1.1e-13   1.5e-13   1.8e-13
176    20     5    2.3e-12   3.6e-12   6.3e-12   8.5e-12   1.0e-11   1.2e-11
177    20     6    6.8e-13   1.1e-12   1.9e-12   2.6e-12   3.1e-12   3.5e-12
178    20     7    2.4e-13   4.0e-13   8.0e-13   1.2e-12   1.5e-12   1.8e-12
179    20     8    4.0e-13   5.4e-13   8.5e-13   1.2e-12   1.5e-12   1.8e-12
180    20     9    6.6e-14   1.5e-13   3.9e-13   6.6e-13   8.9e-13   1.1e-12
181    20    10    9.9e-14   2.0e-13   5.0e-13   8.0e-13   1.1e-12   1.3e-12
182    20    11    1.8e-13   2.4e-13   3.8e-13   5.0e-13   5.9e-13   6.9e-13
183    20    12    7.0e-13   1.1e-12   1.8e-12   2.3e-12   2.8e-12   3.2e-12
184    20    13    1.1e-11   1.5e-11   2.6e-11   3.4e-11   4.2e-11   4.7e-11
185    20    14    9.3e-13   1.4e-12   2.3e-12   3.1e-12   3.8e-12   4.3e-12
186    20    15    1.4e-13   2.4e-13   5.3e-13   8.4e-13   1.1e-12   1.3e-12
187    20    16    1.1e-13   2.3e-13   6.1e-13   1.0e-12   1.4e-12   1.6e-12
188    20    17    4.9e-13   7.2e-13   1.3e-12   2.0e-12   2.7e-12   3.2e-12
189    20    18    1.5e-12   1.1e-12   1.0e-12   1.1e-12   1.2e-12   1.3e-12
190    20    19    4.0e-13   6.5e-13   1.3e-12   1.9e-12   2.4e-12   2.8e-12
191    21     1    8.8e-15   1.5e-14   3.0e-14   4.6e-14   5.9e-14   7.2e-14
192    21     2    1.6e-13   3.0e-13   6.2e-13   9.6e-13   1.2e-12   1.5e-12
193    21     3    1.8e-13   3.2e-13   7.3e-13   1.1e-12   1.5e-12   1.9e-12
194    21     4    3.2e-14   4.0e-14   5.4e-14   6.6e-14   7.7e-14   8.6e-14
195    21     5    6.8e-13   1.1e-12   1.9e-12   2.7e-12   3.2e-12   3.8e-12
196    21     6    2.6e-12   3.9e-12   6.5e-12   8.6e-12   1.1e-11   1.2e-11
197    21     7    2.4e-13   4.7e-13   1.1e-12   1.8e-12   2.3e-12   2.8e-12
198    21     8    1.4e-13   2.8e-13   7.2e-13   1.2e-12   1.6e-12   1.9e-12
199    21     9    3.9e-13   4.6e-13   5.8e-13   7.2e-13   8.5e-13   9.6e-13
200    21    10    1.1e-13   1.8e-13   3.1e-13   4.5e-13   5.5e-13   6.5e-13
201    21    11    6.2e-14   1.1e-13   2.3e-13   3.6e-13   4.9e-13   5.8e-13
202    21    12    1.9e-12   2.8e-12   4.5e-12   5.7e-12   6.9e-12   7.8e-12
203    21    13    3.8e-13   6.2e-13   1.2e-12   1.8e-12   2.3e-12   2.7e-12
204    21    14    3.1e-13   5.0e-13   8.9e-13   1.2e-12   1.5e-12   1.8e-12
205    21    15    9.9e-12   1.4e-11   2.3e-11   3.1e-11   3.8e-11   4.3e-11
206    21    16    2.0e-13   3.0e-13   5.1e-13   7.3e-13   9.0e-13   1.1e-12
207    21    17    8.9e-14   1.9e-13   5.8e-13   1.0e-12   1.4e-12   1.8e-12
208    21    18    6.3e-13   6.5e-13   8.9e-13   1.2e-12   1.6e-12   1.9e-12
209    21    19    7.2e-14   9.2e-14   1.9e-13   3.0e-13   4.0e-13   5.0e-13
210    21    20    2.2e-14   3.0e-14   5.3e-14   8.4e-14   1.1e-13   1.4e-13
211    22     1    1.0e-13   1.9e-13   3.8e-13   5.4e-13   6.8e-13   7.8e-13
212    22     2    2.3e-14   5.4e-14   1.4e-13   2.3e-13   3.1e-13   3.8e-13
213    22     3    8.5e-14   1.9e-13   5.1e-13   8.4e-13   1.1e-12   1.4e-12
214    22     4    2.6e-14   4.6e-14   8.6e-14   1.2e-13   1.5e-13   1.8e-13
215    22     5    2.4e-13   4.2e-13   7.7e-13   1.1e-12   1.4e-12   1.6e-12
216    22     6    2.3e-13   3.6e-13   5.7e-13   7.3e-13   8.5e-13   9.6e-13
217    22     7    1.5e-13   3.0e-13   6.6e-13   1.0e-12   1.3e-12   1.6e-12
218    22     8    1.5e-13   2.6e-13   5.4e-13   8.1e-13   1.1e-12   1.3e-12
219    22     9    6.6e-14   1.6e-13   4.6e-13   7.7e-13   1.1e-12   1.3e-12
220    22    10    5.4e-14   1.2e-13   2.8e-13   4.3e-13   5.5e-13   6.8e-13
221    22    11    3.8e-13   5.9e-13   1.1e-12   1.6e-12   2.0e-12   2.4e-12
222    22    12    4.9e-13   7.0e-13   1.1e-12   1.4e-12   1.6e-12   1.9e-12
223    22    13    1.5e-14   3.5e-14   1.2e-13   2.2e-13   3.2e-13   4.0e-13
224    22    14    8.5e-13   1.3e-12   2.3e-12   3.1e-12   3.8e-12   4.3e-12
225    22    15    4.5e-13   6.5e-13   1.0e-12   1.3e-12   1.6e-12   1.8e-12
226    22    16    3.0e-13   4.5e-13   8.1e-13   1.2e-12   1.5e-12   1.8e-12
227    22    17    2.3e-13   3.8e-13   7.2e-13   1.0e-12   1.3e-12   1.5e-12
228    22    18    5.8e-13   7.4e-13   1.2e-12   1.6e-12   2.0e-12   2.4e-12
229    22    19    5.0e-13   1.1e-12   2.4e-12   3.5e-12   4.5e-12   5.3e-12
230    22    20    5.5e-14   1.0e-13   2.0e-13   2.8e-13   3.5e-13   4.0e-13
231    22    21    6.3e-14   1.3e-13   3.8e-13   6.6e-13   9.2e-13   1.1e-12
232    23     1    0.0e+00   0.0e+00   0.0e+00   0.0e+00   0.0e+00   0.0e+00
233    23     2    2.4e-13   4.5e-13   8.6e-13   1.2e-12   1.5e-12   1.8e-12
234    23     3    4.0e-14   6.5e-14   1.1e-13   1.4e-13   1.6e-13   1.9e-13
235    23     4    1.1e-13   2.3e-13   5.7e-13   9.2e-13   1.2e-12   1.5e-12
236    23     5    8.1e-14   1.8e-13   4.2e-13   6.8e-13   8.9e-13   1.1e-12
237    23     6    6.6e-14   1.6e-13   4.7e-13   8.1e-13   1.1e-12   1.4e-12
238    23     7    1.8e-13   2.8e-13   4.9e-13   6.3e-13   7.7e-13   8.8e-13
239    23     8    1.0e-13   1.6e-13   3.2e-13   4.7e-13   6.1e-13   7.3e-13
240    23     9    5.5e-13   8.0e-13   1.2e-12   1.5e-12   1.6e-12   1.9e-12
241    23    10    3.0e-13   4.7e-13   9.0e-13   1.4e-12   1.8e-12   2.0e-12
242    23    11    5.7e-14   1.3e-13   2.8e-13   4.3e-13   5.5e-13   6.6e-13
243    23    12    1.9e-13   3.5e-13   6.9e-13   1.0e-12   1.3e-12   1.5e-12
244    23    13    1.3e-13   2.2e-13   3.9e-13   5.4e-13   6.8e-13   8.0e-13
245    23    14    3.0e-13   4.5e-13   8.0e-13   1.1e-12   1.5e-12   1.8e-12
246    23    15    7.6e-14   1.8e-13   5.0e-13   8.4e-13   1.1e-12   1.4e-12
247    23    16    1.1e-12   1.6e-12   2.7e-12   3.6e-12   4.6e-12   5.3e-12
248    23    17    2.8e-13   5.0e-13   9.6e-13   1.4e-12   1.8e-12   2.0e-12
249    23    18    4.2e-13   9.6e-13   2.2e-12   3.1e-12   3.9e-12   4.7e-12
250    23    19    6.2e-13   7.4e-13   1.1e-12   1.6e-12   2.0e-12   2.4e-12
251    23    20    1.2e-14   2.8e-14   1.1e-13   2.3e-13   3.2e-13   4.2e-13
252    23    21    1.4e-13   2.3e-13   4.3e-13   6.2e-13   7.7e-13   9.0e-13
253    23    22    9.3e-12   1.5e-11   3.1e-11   4.6e-11   5.9e-11   7.0e-11
254    24     1    0.0e+00   0.0e+00   0.0e+00   0.0e+00   0.0e+00   0.0e+00
255    24     2    5.9e-16   1.5e-15   4.2e-15   7.0e-15   9.6e-15   1.2e-14
256    24     3    6.9e-15   9.7e-15   1.5e-14   2.0e-14   2.6e-14   3.1e-14
257    24     4    3.5e-14   7.7e-14   1.9e-13   3.0e-13   4.0e-13   4.9e-13
258    24     5    1.9e-14   3.6e-14   7.6e-14   1.1e-13   1.5e-13   1.8e-13
259    24     6    3.1e-14   6.2e-14   1.4e-13   2.2e-13   2.7e-13   3.2e-13
260    24     7    8.6e-13   1.6e-12   3.1e-12   4.5e-12   5.5e-12   6.5e-12
261    24     8    6.3e-14   1.1e-13   2.3e-13   3.2e-13   4.2e-13   4.9e-13
262    24     9    1.6e-13   3.1e-13   6.9e-13   1.1e-12   1.4e-12   1.6e-12
263    24    10    1.3e-13   2.2e-13   3.9e-13   5.3e-13   6.5e-13   7.6e-13
264    24    11    1.2e-13   2.4e-13   6.1e-13   9.7e-13   1.3e-12   1.6e-12
265    24    12    2.4e-13   4.3e-13   8.9e-13   1.3e-12   1.8e-12   2.0e-12
266    24    13    1.2e-13   2.6e-13   5.9e-13   9.3e-13   1.2e-12   1.5e-12
267    24    14    1.5e-13   3.1e-13   8.0e-13   1.3e-12   1.8e-12   2.0e-12
268    24    15    2.6e-13   4.3e-13   8.6e-13   1.3e-12   1.6e-12   1.9e-12
269    24    16    1.0e-12   1.6e-12   2.7e-12   3.6e-12   4.5e-12   5.1e-12
270    24    17    1.0e-11   1.6e-11   2.6e-11   3.4e-11   4.2e-11   4.7e-11
271    24    18    5.0e-13   8.8e-13   1.6e-12   2.2e-12   2.7e-12   3.1e-12
272    24    19    3.5e-13   5.3e-13   8.5e-13   1.2e-12   1.5e-12   1.6e-12
273    24    20    6.9e-13   1.4e-12   2.8e-12   4.1e-12   5.3e-12   6.2e-12
274    24    21    8.4e-13   1.6e-12   3.2e-12   4.6e-12   5.8e-12   6.9e-12
275    24    22    8.4e-14   1.8e-13   3.6e-13   5.4e-13   6.9e-13   8.1e-13
276    24    23    6.6e-14   1.3e-13   2.8e-13   4.3e-13   5.7e-13   6.8e-13
277    25     1    0.0e+00   0.0e+00   0.0e+00   0.0e+00   0.0e+00   0.0e+00
278    25     2    1.8e-15   3.1e-15   6.9e-15   1.1e-14   1.4e-14   1.6e-14
279    25     3    4.5e-15   5.3e-15   7.6e-15   1.0e-14   1.3e-14   1.5e-14
280    25     4    5.5e-14   1.1e-13   2.6e-13   4.0e-13   5.4e-13   6.3e-13
281    25     5    5.0e-14   9.5e-14   2.0e-13   3.1e-13   3.9e-13   4.7e-13
282    25     6    9.5e-14   1.9e-13   4.6e-13   7.2e-13   9.5e-13   1.1e-12
283    25     7    3.0e-13   5.1e-13   1.0e-12   1.5e-12   1.8e-12   2.2e-12
284    25     8    1.2e-13   1.6e-13   2.7e-13   3.6e-13   4.5e-13   5.1e-13
285    25     9    1.4e-13   2.2e-13   3.8e-13   5.3e-13   6.3e-13   7.4e-13
286    25    10    7.0e-13   1.1e-12   2.0e-12   2.8e-12   3.4e-12   3.9e-12
287    25    11    1.6e-13   3.1e-13   7.2e-13   1.1e-12   1.5e-12   1.8e-12
288    25    12    1.0e-13   1.6e-13   3.0e-13   4.0e-13   5.1e-13   5.9e-13
289    25    13    2.0e-13   3.4e-13   7.3e-13   1.1e-12   1.5e-12   1.8e-12
290    25    14    2.0e-13   2.7e-13   4.3e-13   5.9e-13   7.3e-13   8.5e-13
291    25    15    4.3e-14   7.3e-14   1.5e-13   2.3e-13   3.0e-13   3.5e-13
292    25    16    2.6e-12   3.9e-12   6.8e-12   9.0e-12   1.1e-11   1.3e-11
293    25    17    5.9e-14   1.2e-13   3.2e-13   5.4e-13   7.2e-13   8.8e-13
294    25    18    8.6e-12   1.2e-11   1.9e-11   2.4e-11   3.0e-11   3.4e-11
295    25    19    9.3e-13   1.2e-12   1.8e-12   2.3e-12   2.8e-12   3.2e-12
296    25    20    3.1e-13   4.9e-13   9.7e-13   1.5e-12   1.9e-12   2.2e-12
297    25    21    1.1e-12   1.6e-12   2.8e-12   3.9e-12   4.9e-12   5.7e-12
298    25    22    2.6e-13   4.3e-13   8.0e-13   1.1e-12   1.4e-12   1.6e-12
299    25    23    1.8e-13   3.0e-13   6.2e-13   9.5e-13   1.2e-12   1.5e-12
300    25    24    1.5e-13   2.3e-13   4.3e-13   6.3e-13   8.2e-13   9.7e-13
301    26     1    3.1e-14   7.0e-14   1.8e-13   2.8e-13   3.8e-13   4.6e-13
302    26     2    5.8e-14   1.1e-13   2.3e-13   3.4e-13   4.3e-13   5.1e-13
303    26     3    4.5e-14   8.0e-14   1.6e-13   2.4e-13   3.1e-13   3.6e-13
304    26     4    6.2e-15   1.5e-14   4.0e-14   6.8e-14   8.9e-14   1.1e-13
305    26     5    1.5e-14   2.4e-14   4.6e-14   6.8e-14   8.5e-14   1.0e-13
306    26     6    1.2e-13   2.3e-13   5.1e-13   8.0e-13   1.0e-12   1.2e-12
307    26     7    5.1e-14   8.1e-14   1.4e-13   1.8e-13   2.2e-13   2.4e-13
308    26     8    3.2e-13   5.5e-13   1.0e-12   1.5e-12   1.8e-12   2.0e-12
309    26     9    3.4e-14   5.4e-14   1.0e-13   1.5e-13   1.9e-13   2.3e-13
310    26    10    3.8e-13   6.3e-13   1.2e-12   1.6e-12   2.0e-12   2.3e-12
311    26    11    7.0e-14   1.3e-13   2.7e-13   3.9e-13   5.1e-13   6.1e-13
312    26    12    8.2e-14   1.8e-13   4.7e-13   7.7e-13   1.0e-12   1.3e-12
313    26    13    8.8e-14   1.6e-13   3.8e-13   5.9e-13   7.8e-13   9.5e-13
314    26    14    1.0e-13   1.9e-13   4.0e-13   6.1e-13   7.8e-13   9.5e-13
315    26    15    4.7e-14   1.1e-13   3.1e-13   5.0e-13   6.8e-13   8.2e-13
316    26    16    1.0e-13   1.9e-13   4.3e-13   6.8e-13   8.9e-13   1.1e-12
317    26    17    3.5e-13   4.9e-13   7.4e-13   9.5e-13   1.1e-12   1.3e-12
318    26    18    1.2e-13   2.0e-13   4.2e-13   6.3e-13   8.4e-13   1.0e-12
319    26    19    2.0e-13   3.2e-13   6.5e-13   9.5e-13   1.2e-12   1.5e-12
320    26    20    1.6e-14   3.1e-14   8.1e-14   1.3e-13   1.8e-13   2.2e-13
321    26    21    5.1e-13   7.6e-13   1.3e-12   1.8e-12   2.2e-12   2.4e-12
322    26    22    6.9e-12   1.0e-11   1.8e-11   2.4e-11   3.1e-11   3.5e-11
323    26    23    2.6e-12   3.0e-12   3.6e-12   4.2e-12   4.6e-12   5.1e-12
324    26    24    3.4e-13   4.6e-13   7.2e-13   9.5e-13   1.1e-12   1.3e-12
325    26    25    8.9e-13   7.8e-13   8.9e-13   1.1e-12   1.3e-12   1.5e-12
326    27     1    0.0e+00   0.0e+00   0.0e+00   0.0e+00   0.0e+00   0.0e+00
327    27     2    4.6e-14   9.9e-14   2.4e-13   3.9e-13   5.1e-13   6.1e-13
328    27     3    2.4e-14   4.6e-14   9.2e-14   1.3e-13   1.6e-13   1.9e-13
329    27     4    4.7e-14   8.1e-14   1.6e-13   2.3e-13   3.0e-13   3.5e-13
330    27     5    2.2e-13   3.8e-13   7.8e-13   1.1e-12   1.5e-12   1.6e-12
331    27     6    2.8e-14   5.0e-14   9.2e-14   1.3e-13   1.6e-13   1.8e-13
332    27     7    7.0e-14   1.5e-13   4.0e-13   6.6e-13   8.8e-13   1.1e-12
333    27     8    2.0e-14   4.5e-14   1.2e-13   2.0e-13   2.7e-13   3.2e-13
334    27     9    1.2e-13   2.3e-13   5.4e-13   8.4e-13   1.1e-12   1.3e-12
335    27    10    7.3e-14   1.3e-13   2.7e-13   3.9e-13   5.0e-13   5.9e-13
336    27    11    3.1e-13   5.1e-13   9.3e-13   1.3e-12   1.6e-12   1.8e-12
337    27    12    3.9e-14   6.6e-14   1.4e-13   2.0e-13   2.6e-13   3.1e-13
338    27    13    1.6e-13   2.6e-13   4.5e-13   6.1e-13   7.4e-13   8.5e-13
339    27    14    2.2e-13   3.6e-13   7.2e-13   1.1e-12   1.3e-12   1.6e-12
340    27    15    3.9e-13   5.5e-13   8.4e-13   1.1e-12   1.3e-12   1.5e-12
341    27    16    9.3e-14   1.6e-13   3.6e-13   5.5e-13   7.2e-13   8.5e-13
342    27    17    8.0e-14   1.6e-13   3.9e-13   6.3e-13   8.2e-13   1.0e-12
343    27    18    1.8e-13   2.8e-13   5.7e-13   8.5e-13   1.1e-12   1.3e-12
344    27    19    3.2e-13   4.9e-13   8.6e-13   1.2e-12   1.5e-12   1.8e-12
345    27    20    1.3e-13   2.2e-13   4.5e-13   6.6e-13   8.5e-13   1.0e-12
346    27    21    4.2e-14   1.0e-13   3.0e-13   4.9e-13   6.6e-13   8.0e-13
347    27    22    2.6e-12   3.0e-12   3.6e-12   4.3e-12   4.7e-12   5.3e-12
348    27    23    6.9e-12   1.0e-11   1.8e-11   2.4e-11   3.1e-11   3.5e-11
349    27    24    2.8e-13   5.8e-13   1.2e-12   1.8e-12   2.3e-12   2.7e-12
350    27    25    3.5e-13   7.2e-13   1.6e-12   2.4e-12   3.1e-12   3.6e-12
351    27    26    5.8e-12   9.3e-12   1.9e-11   2.7e-11   3.4e-11   4.1e-11
352    28     1    3.4e-15   6.6e-15   1.6e-14   2.4e-14   3.2e-14   3.9e-14
353    28     2    1.9e-14   3.5e-14   7.7e-14   1.1e-13   1.5e-13   1.8e-13
354    28     3    6.6e-15   1.0e-14   1.9e-14   2.6e-14   3.2e-14   3.8e-14
355    28     4    8.5e-15   1.8e-14   5.0e-14   8.1e-14   1.1e-13   1.3e-13
356    28     5    1.1e-14   3.4e-14   1.2e-13   2.2e-13   3.0e-13   3.8e-13
357    28     6    2.0e-14   3.9e-14   8.8e-14   1.3e-13   1.8e-13   2.0e-13
358    28     7    3.2e-14   6.5e-14   1.6e-13   2.4e-13   3.1e-13   3.8e-13
359    28     8    8.2e-14   1.6e-13   3.6e-13   5.5e-13   7.3e-13   8.6e-13
360    28     9    1.5e-13   3.1e-13   7.6e-13   1.2e-12   1.5e-12   1.9e-12
361    28    10    1.3e-13   2.3e-13   5.3e-13   8.1e-13   1.1e-12   1.3e-12
362    28    11    4.9e-13   8.1e-13   1.5e-12   2.2e-12   2.7e-12   3.1e-12
363    28    12    1.9e-13   3.2e-13   5.9e-13   8.2e-13   1.0e-12   1.2e-12
364    28    13    4.5e-13   6.6e-13   1.1e-12   1.5e-12   1.8e-12   2.0e-12
365    28    14    1.4e-12   2.3e-12   4.1e-12   5.7e-12   6.9e-12   8.0e-12
366    28    15    1.1e-12   1.6e-12   2.8e-12   3.8e-12   4.6e-12   5.3e-12
367    28    16    1.5e-13   2.0e-13   3.1e-13   4.2e-13   5.1e-13   5.9e-13
368    28    17    4.3e-14   7.7e-14   1.5e-13   2.0e-13   2.6e-13   3.0e-13
369    28    18    8.8e-13   1.1e-12   1.8e-12   2.3e-12   2.7e-12   3.1e-12
370    28    19    8.8e-12   1.2e-11   1.9e-11   2.6e-11   3.1e-11   3.6e-11
371    28    20    1.8e-13   3.4e-13   7.8e-13   1.2e-12   1.6e-12   1.9e-12
372    28    21    1.1e-13   2.3e-13   6.3e-13   1.1e-12   1.4e-12   1.8e-12
373    28    22    1.3e-13   2.3e-13   5.1e-13   8.1e-13   1.1e-12   1.3e-12
374    28    23    3.4e-13   5.1e-13   8.9e-13   1.2e-12   1.5e-12   1.8e-12
375    28    24    3.6e-14   1.2e-13   4.0e-13   7.2e-13   1.0e-12   1.2e-12
376    28    25    2.0e-12   4.3e-12   9.2e-12   1.3e-11   1.8e-11   2.0e-11
377    28    26    3.8e-13   8.5e-13   1.9e-12   2.8e-12   3.5e-12   4.2e-12
378    28    27    5.8e-13   6.1e-13   8.4e-13   1.1e-12   1.4e-12   1.6e-12
379    29     1    1.4e-14   2.6e-14   5.4e-14   8.2e-14   1.0e-13   1.2e-13
380    29     2    1.5e-14   2.3e-14   4.7e-14   6.9e-14   8.8e-14   1.0e-13
381    29     3    1.6e-14   3.1e-14   7.8e-14   1.3e-13   1.6e-13   2.0e-13
382    29     4    6.3e-14   1.2e-13   2.8e-13   4.5e-13   5.7e-13   6.8e-13
383    29     5    2.0e-13   3.8e-13   8.6e-13   1.3e-12   1.8e-12   2.0e-12
384    29     6    8.0e-14   1.5e-13   3.0e-13   4.6e-13   5.8e-13   6.9e-13
385    29     7    2.8e-14   5.5e-14   1.4e-13   2.3e-13   3.0e-13   3.5e-13
386    29     8    1.9e-12   3.0e-12   5.4e-12   7.4e-12   9.0e-12   1.1e-11
387    29     9    5.5e-13   9.0e-13   1.6e-12   2.3e-12   2.8e-12   3.2e-12
388    29    10    1.1e-14   2.3e-14   6.2e-14   1.0e-13   1.3e-13   1.6e-13
389    29    11    4.2e-14   8.1e-14   1.9e-13   3.0e-13   3.8e-13   4.6e-13
390    29    12    1.8e-13   3.0e-13   5.9e-13   8.5e-13   1.1e-12   1.3e-12
391    29    13    2.4e-13   3.4e-13   5.7e-13   7.8e-13   9.7e-13   1.1e-12
392    29    14    1.4e-13   2.7e-13   6.3e-13   9.9e-13   1.3e-12   1.5e-12
393    29    15    5.8e-14   1.4e-13   4.2e-13   7.0e-13   9.5e-13   1.1e-12
394    29    16    2.6e-13   3.6e-13   5.9e-13   7.7e-13   9.3e-13   1.1e-12
395    29    17    5.0e-13   7.3e-13   1.2e-12   1.6e-12   2.0e-12   2.3e-12
396    29    18    1.3e-12   1.9e-12   2.8e-12   3.6e-12   4.5e-12   5.0e-12
397    29    19    8.4e-14   1.8e-13   4.5e-13   7.2e-13   9.6e-13   1.2e-12
398    29    20    1.1e-11   1.6e-11   2.6e-11   3.4e-11   4.2e-11   4.7e-11
399    29    21    3.0e-13   4.7e-13   9.0e-13   1.3e-12   1.6e-12   2.0e-12
400    29    22    5.1e-15   1.5e-14   5.4e-14   9.6e-14   1.3e-13   1.6e-13
401    29    23    2.0e-14   3.4e-14   6.6e-14   9.7e-14   1.2e-13   1.5e-13
402    29    24    3.5e-13   5.4e-13   1.1e-12   1.6e-12   2.2e-12   2.6e-12
403    29    25    8.9e-13   7.8e-13   7.8e-13   8.9e-13   1.0e-12   1.1e-12
404    29    26    5.5e-14   1.0e-13   2.2e-13   3.1e-13   3.8e-13   4.5e-13
405    29    27    1.3e-14   2.6e-14   8.6e-14   1.6e-13   2.2e-13   2.8e-13
406    29    28    3.2e-13   5.1e-13   1.1e-12   1.6e-12   2.0e-12   2.4e-12
407    30     1    2.8e-14   5.5e-14   1.3e-13   2.0e-13   2.6e-13   3.0e-13
408    30     2    2.4e-14   4.5e-14   1.1e-13   1.6e-13   2.2e-13   2.7e-13
409    30     3    1.5e-14   2.4e-14   5.3e-14   8.0e-14   1.0e-13   1.2e-13
410    30     4    3.5e-14   6.6e-14   1.5e-13   2.2e-13   2.7e-13   3.2e-13
411    30     5    1.2e-13   2.2e-13   4.6e-13   6.9e-13   8.8e-13   1.0e-12
412    30     6    2.2e-13   3.9e-13   9.0e-13   1.4e-12   1.8e-12   2.2e-12
413    30     7    1.9e-14   3.2e-14   6.8e-14   1.0e-13   1.3e-13   1.6e-13
414    30     8    5.0e-13   8.4e-13   1.6e-12   2.2e-12   2.7e-12   3.1e-12
415    30     9    2.0e-12   3.4e-12   5.9e-12   8.1e-12   9.9e-12   1.1e-11
416    30    10    1.5e-14   3.1e-14   8.2e-14   1.4e-13   1.8e-13   2.2e-13
417    30    11    3.6e-14   7.6e-14   1.8e-13   2.8e-13   3.6e-13   4.5e-13
418    30    12    2.0e-13   3.8e-13   8.5e-13   1.3e-12   1.8e-12   2.0e-12
419    30    13    1.1e-13   2.3e-13   6.1e-13   1.0e-12   1.3e-12   1.6e-12
420    30    14    1.3e-13   1.9e-13   3.1e-13   4.2e-13   5.0e-13   5.7e-13
421    30    15    2.3e-13   2.8e-13   4.0e-13   5.3e-13   6.2e-13   7.2e-13
422    30    16    7.8e-14   1.4e-13   3.0e-13   4.6e-13   5.9e-13   7.0e-13
423    30    17    1.5e-12   2.2e-12   3.4e-12   4.3e-12   5.1e-12   5.9e-12
424    30    18    3.5e-13   5.1e-13   8.4e-13   1.1e-12   1.4e-12   1.6e-12
425    30    19    1.6e-13   2.4e-13   4.6e-13   6.5e-13   8.1e-13   9.5e-13
426    30    20    4.2e-13   6.8e-13   1.3e-12   1.9e-12   2.3e-12   2.7e-12
427    30    21    1.1e-11   1.5e-11   2.4e-11   3.2e-11   4.1e-11   4.6e-11
428    30    22    3.1e-14   5.1e-14   1.0e-13   1.5e-13   1.9e-13   2.3e-13
429    30    23    2.4e-14   5.4e-14   1.5e-13   2.4e-13   3.2e-13   3.9e-13
430    30    24    5.5e-14   1.4e-13   4.3e-13   7.3e-13   9.9e-13   1.2e-12
431    30    25    5.0e-13   5.7e-13   8.6e-13   1.2e-12   1.6e-12   1.9e-12
432    30    26    4.2e-14   8.4e-14   2.3e-13   3.9e-13   5.3e-13   6.5e-13
433    30    27    1.1e-13   2.2e-13   4.5e-13   6.3e-13   8.0e-13   9.5e-13
434    30    28    5.5e-14   6.5e-14   1.2e-13   1.9e-13   2.6e-13   3.1e-13
435    30    29    4.9e-15   6.2e-15   1.3e-14   2.0e-14   2.7e-14   3.2e-14
436    31     1    0.0e+00   0.0e+00   0.0e+00   0.0e+00   0.0e+00   0.0e+00
437    31     2    9.3e-16   2.0e-15   4.7e-15   7.2e-15   9.0e-15   1.1e-14
438    31     3    2.7e-15   7.2e-15   2.0e-14   3.4e-14   4.6e-14   5.4e-14
439    31     4    7.4e-16   1.4e-15   3.5e-15   5.9e-15   7.8e-15   9.5e-15
440    31     5    2.2e-15   5.7e-15   1.6e-14   2.6e-14   3.4e-14   4.0e-14
441    31     6    8.1e-16   2.7e-15   1.1e-14   1.9e-14   2.7e-14   3.2e-14
442    31     7    4.7e-14   1.0e-13   2.4e-13   3.6e-13   4.7e-13   5.5e-13
443    31     8    1.0e-14   2.2e-14   5.0e-14   7.4e-14   9.5e-14   1.1e-13
444    31     9    1.3e-14   2.7e-14   6.1e-14   8.9e-14   1.1e-13   1.3e-13
445    31    10    5.0e-14   1.1e-13   3.0e-13   4.5e-13   5.8e-13   6.9e-13
446    31    11    6.6e-15   1.6e-14   4.6e-14   7.6e-14   1.0e-13   1.2e-13
447    31    12    6.9e-13   1.3e-12   2.7e-12   3.8e-12   4.7e-12   5.5e-12
448    31    13    1.5e-14   3.0e-14   6.8e-14   1.0e-13   1.3e-13   1.6e-13
449    31    14    1.8e-13   3.2e-13   6.3e-13   8.9e-13   1.1e-12   1.3e-12
450    31    15    4.9e-14   1.1e-13   3.0e-13   4.7e-13   6.2e-13   7.4e-13
451    31    16    1.4e-13   2.7e-13   6.1e-13   9.0e-13   1.1e-12   1.3e-12
452    31    17    2.3e-13   4.3e-13   9.2e-13   1.4e-12   1.8e-12   2.0e-12
453    31    18    1.1e-13   2.4e-13   5.9e-13   9.3e-13   1.2e-12   1.5e-12
454    31    19    1.0e-12   1.6e-12   2.8e-12   3.9e-12   4.6e-12   5.3e-12
455    31    20    1.0e-13   2.2e-13   5.0e-13   7.6e-13   9.7e-13   1.1e-12
456    31    21    1.9e-13   3.4e-13   7.4e-13   1.1e-12   1.5e-12   1.6e-12
457    31    22    2.7e-14   5.5e-14   1.3e-13   2.0e-13   2.6e-13   3.0e-13
458    31    23    3.9e-14   6.6e-14   1.2e-13   1.8e-13   2.2e-13   2.6e-13
459    31    24    1.1e-11   1.6e-11   2.6e-11   3.5e-11   4.2e-11   4.7e-11
460    31    25    3.8e-13   5.9e-13   1.1e-12   1.5e-12   1.8e-12   2.0e-12
461    31    26    3.6e-13   5.5e-13   9.9e-13   1.4e-12   1.6e-12   1.9e-12
462    31    27    8.9e-14   1.8e-13   4.0e-13   6.2e-13   8.0e-13   9.5e-13
463    31    28    3.0e-13   4.7e-13   8.5e-13   1.2e-12   1.5e-12   1.8e-12
464    31    29    8.1e-13   1.5e-12   2.8e-12   3.9e-12   4.9e-12   5.7e-12
465    31    30    7.8e-13   1.3e-12   2.6e-12   3.5e-12   4.3e-12   5.0e-12
466    32     1    3.0e-15   9.9e-15   3.1e-14   5.3e-14   6.9e-14   8.4e-14
467    32     2    2.8e-14   6.9e-14   1.8e-13   2.6e-13   3.4e-13   3.9e-13
468    32     3    1.1e-14   2.8e-14   7.7e-14   1.2e-13   1.5e-13   1.9e-13
469    32     4    6.2e-15   1.3e-14   2.8e-14   4.2e-14   5.3e-14   6.2e-14
470    32     5    2.8e-14   5.7e-14   1.2e-13   1.6e-13   2.0e-13   2.4e-13
471    32     6    1.8e-14   4.3e-14   1.2e-13   1.9e-13   2.4e-13   2.8e-13
472    32     7    3.5e-15   8.0e-15   1.8e-14   2.7e-14   3.2e-14   3.9e-14
473    32     8    2.8e-14   5.9e-14   1.3e-13   2.0e-13   2.6e-13   3.0e-13
474    32     9    6.6e-14   1.4e-13   3.0e-13   4.5e-13   5.5e-13   6.5e-13
475    32    10    3.4e-14   7.3e-14   1.8e-13   2.6e-13   3.2e-13   3.8e-13
476    32    11    8.2e-14   1.6e-13   3.5e-13   5.0e-13   6.2e-13   7.2e-13
477    32    12    5.8e-14   1.1e-13   2.0e-13   2.7e-13   3.2e-13   3.6e-13
478    32    13    3.0e-13   5.7e-13   1.1e-12   1.5e-12   1.9e-12   2.2e-12
479    32    14    1.1e-13   2.2e-13   4.2e-13   5.8e-13   7.0e-13   8.1e-13
480    32    15    1.3e-14   2.8e-14   6.6e-14   1.0e-13   1.3e-13   1.5e-13
481    32    16    5.8e-14   1.2e-13   2.7e-13   4.0e-13   5.1e-13   6.1e-13
482    32    17    1.0e-13   2.2e-13   5.1e-13   7.8e-13   1.0e-12   1.2e-12
483    32    18    4.9e-14   1.1e-13   2.4e-13   3.5e-13   4.5e-13   5.3e-13
484    32    19    1.5e-13   2.8e-13   5.8e-13   8.4e-13   1.1e-12   1.2e-12
485    32    20    5.1e-14   1.1e-13   2.8e-13   4.3e-13   5.7e-13   6.8e-13
486    32    21    5.8e-14   1.3e-13   3.2e-13   5.0e-13   6.3e-13   7.6e-13
487    32    22    2.2e-13   4.5e-13   9.9e-13   1.5e-12   1.9e-12   2.3e-12
488    32    23    2.0e-12   3.5e-12   6.2e-12   8.4e-12   1.0e-11   1.2e-11
489    32    24    2.0e-13   3.2e-13   5.7e-13   7.7e-13   9.3e-13   1.1e-12
490    32    25    3.1e-14   6.6e-14   1.8e-13   2.8e-13   3.6e-13   4.5e-13
491    32    26    6.1e-12   9.6e-12   1.6e-11   2.2e-11   2.6e-11   3.0e-11
492    32    27    1.2e-12   1.5e-12   2.0e-12   2.3e-12   2.6e-12   2.8e-12
493    32    28    1.6e-13   2.8e-13   5.5e-13   7.8e-13   9.7e-13   1.1e-12
494    32    29    1.4e-14   3.0e-14   7.2e-14   1.1e-13   1.5e-13   1.8e-13
495    32    30    3.9e-13   6.8e-13   1.2e-12   1.6e-12   2.0e-12   2.3e-12
496    32    31    7.7e-13   7.8e-13   8.6e-13   9.9e-13   1.1e-12   1.2e-12
497    33     1    0.0e+00   0.0e+00   0.0e+00   0.0e+00   0.0e+00   0.0e+00
498    33     2    3.0e-15   9.0e-15   2.8e-14   4.6e-14   6.1e-14   7.3e-14
499    33     3    1.9e-15   4.9e-15   1.2e-14   1.9e-14   2.4e-14   2.8e-14
500    33     4    1.1e-14   3.0e-14   7.3e-14   1.1e-13   1.5e-13   1.8e-13
501    33     5    5.3e-14   1.3e-13   3.1e-13   4.7e-13   6.1e-13   7.2e-13
502    33     6    4.6e-15   9.9e-15   2.2e-14   3.2e-14   4.2e-14   4.9e-14
503    33     7    2.6e-14   5.5e-14   1.3e-13   2.0e-13   2.6e-13   3.1e-13
504    33     8    1.4e-13   2.8e-13   6.1e-13   8.8e-13   1.1e-12   1.3e-12
505    33     9    2.7e-14   5.8e-14   1.3e-13   1.9e-13   2.4e-13   2.7e-13
506    33    10    6.9e-14   1.4e-13   3.0e-13   4.3e-13   5.4e-13   6.2e-13
507    33    11    3.4e-14   7.0e-14   1.6e-13   2.3e-13   3.0e-13   3.4e-13
508    33    12    6.2e-14   1.3e-13   3.1e-13   4.7e-13   6.1e-13   7.2e-13
509    33    13    1.5e-14   3.6e-14   8.8e-14   1.4e-13   1.8e-13   2.0e-13
510    33    14    3.5e-14   7.3e-14   1.6e-13   2.4e-13   3.1e-13   3.8e-13
511    33    15    1.1e-13   2.3e-13   4.9e-13   7.2e-13   8.9e-13   1.0e-12
512    33    16    3.8e-14   7.3e-14   1.5e-13   2.0e-13   2.4e-13   2.8e-13
513    33    17    7.7e-14   1.5e-13   2.8e-13   3.9e-13   4.9e-13   5.7e-13
514    33    18    4.2e-13   7.4e-13   1.4e-12   1.9e-12   2.3e-12   2.6e-12
515    33    19    5.1e-14   1.1e-13   2.6e-13   3.9e-13   5.0e-13   5.9e-13
516    33    20    1.9e-13   3.4e-13   6.2e-13   8.5e-13   1.0e-12   1.2e-12
517    33    21    2.0e-13   3.2e-13   5.7e-13   7.6e-13   9.0e-13   1.0e-12
518    33    22    2.0e-12   3.4e-12   6.1e-12   8.2e-12   9.9e-12   1.1e-11
519    33    23    2.3e-13   4.6e-13   1.0e-12   1.5e-12   1.9e-12   2.3e-12
520    33    24    3.6e-14   1.1e-13   3.2e-13   5.4e-13   7.2e-13   8.6e-13
521    33    25    1.3e-13   2.7e-13   5.9e-13   8.8e-13   1.1e-12   1.3e-12
522    33    26    1.2e-12   1.5e-12   1.9e-12   2.2e-12   2.4e-12   2.7e-12
523    33    27    5.9e-12   9.3e-12   1.6e-11   2.2e-11   2.6e-11   3.0e-11
524    33    28    7.2e-14   1.4e-13   3.0e-13   4.3e-13   5.5e-13   6.6e-13
525    33    29    9.5e-14   1.9e-13   4.2e-13   6.2e-13   7.8e-13   9.2e-13
526    33    30    2.6e-14   6.6e-14   1.8e-13   2.8e-13   3.6e-13   4.5e-13
527    33    31    2.8e-13   6.2e-13   1.4e-12   2.0e-12   2.4e-12   3.0e-12
528    33    32    3.6e-12   7.4e-12   1.5e-11   2.3e-11   2.8e-11   3.2e-11
529    34     1    0.0e+00   0.0e+00   0.0e+00   0.0e+00   0.0e+00   0.0e+00
530    34     2    1.5e-15   3.1e-15   7.3e-15   1.1e-14   1.4e-14   1.6e-14
531    34     3    1.8e-14   4.0e-14   1.0e-13   1.5e-13   2.0e-13   2.3e-13
532    34     4    4.0e-15   7.8e-15   1.9e-14   2.8e-14   3.6e-14   4.3e-14
533    34     5    4.9e-15   1.1e-14   2.7e-14   4.2e-14   5.3e-14   6.2e-14
534    34     6    7.7e-15   1.9e-14   5.0e-14   7.8e-14   1.0e-13   1.2e-13
535    34     7    4.2e-14   8.9e-14   2.0e-13   3.1e-13   3.9e-13   4.6e-13
536    34     8    3.2e-14   7.0e-14   1.6e-13   2.3e-13   3.0e-13   3.4e-13
537    34     9    5.4e-14   1.2e-13   2.8e-13   4.3e-13   5.5e-13   6.5e-13
538    34    10    4.6e-14   9.7e-14   2.3e-13   3.4e-13   4.3e-13   5.1e-13
539    34    11    4.6e-15   6.8e-15   1.4e-14   2.2e-14   2.7e-14   3.2e-14
540    34    12    1.9e-13   3.8e-13   8.0e-13   1.1e-12   1.4e-12   1.6e-12
541    34    13    4.9e-14   9.2e-14   2.0e-13   3.1e-13   3.9e-13   4.6e-13
542    34    14    7.2e-13   1.3e-12   2.6e-12   3.6e-12   4.5e-12   5.1e-12
543    34    15    7.2e-14   1.2e-13   2.3e-13   3.1e-13   3.8e-13   4.5e-13
544    34    16    1.6e-13   3.4e-13   7.7e-13   1.1e-12   1.5e-12   1.6e-12
545    34    17    8.1e-14   1.4e-13   2.8e-13   3.9e-13   4.9e-13   5.7e-13
546    34    18    1.3e-13   1.6e-13   2.4e-13   3.1e-13   3.8e-13   4.3e-13
547    34    19    1.6e-12   2.7e-12   4.9e-12   6.5e-12   7.8e-12   9.0e-12
548    34    20    2.3e-13   4.3e-13   8.6e-13   1.2e-12   1.5e-12   1.8e-12
549    34    21    5.3e-14   9.9e-14   2.0e-13   3.1e-13   3.8e-13   4.5e-13
550    34    22    6.8e-14   1.5e-13   3.5e-13   5.4e-13   6.9e-13   8.1e-13
551    34    23    4.5e-14   8.2e-14   1.8e-13   2.6e-13   3.2e-13   3.8e-13
552    34    24    3.1e-14   7.8e-14   2.2e-13   3.5e-13   4.6e-13   5.4e-13
553    34    25    8.2e-12   1.3e-11   2.0e-11   2.7e-11   3.2e-11   3.8e-11
554    34    26    4.5e-13   7.2e-13   1.3e-12   1.8e-12   2.0e-12   2.4e-12
555    34    27    1.5e-13   2.6e-13   5.0e-13   7.2e-13   8.9e-13   1.0e-12
556    34    28    4.6e-13   6.6e-13   1.2e-12   1.6e-12   2.0e-12   2.4e-12
557    34    29    3.4e-13   6.1e-13   1.2e-12   1.6e-12   2.0e-12   2.3e-12
558    34    30    1.1e-12   1.8e-12   3.2e-12   4.3e-12   5.3e-12   6.1e-12
559    34    31    6.8e-14   1.1e-13   2.2e-13   3.2e-13   4.0e-13   4.7e-13
560    34    32    5.0e-13   5.0e-13   6.5e-13   8.0e-13   9.5e-13   1.1e-12
561    34    33    1.4e-13   3.5e-13   8.1e-13   1.2e-12   1.5e-12   1.8e-12
!NOTES:
!Energy levels, transition frequencies and Einstein A coefficients from JPL
