!MOLECULE
o-SiC2
!MOLECULAR WEIGHT
52.1
!NUMBER OF ENERGY LEVELS
40
!LEVEL + ENERGIES(cm^-1) + WEIGHT + J + K_a + K_c
  1   0.000    1.0  0_0_0
  2   0.787    3.0  1_0_1
  3   2.357    5.0  2_0_2
  4   4.701    7.0  3_0_3
  5   7.788    5.0  2_2_1
  6   7.793    5.0  2_2_0
  7   7.805    9.0  4_0_4
  8  10.148    7.0  3_2_2
  9  10.171    7.0  3_2_1
 10  11.654   11.0  5_0_5
 11  13.292    9.0  4_2_3
 12  13.359    9.0  4_2_2
 13  16.230   13.0  6_0_6
 14  17.216   11.0  5_2_4
 15  17.370   11.0  5_2_3
 16  21.517   15.0  7_0_7
 17  21.917   13.0  6_2_5
 18  22.218   13.0  6_2_4
 19  27.389   15.0  7_2_6
 20  27.502   17.0  8_0_8
 21  27.913   15.0  7_2_5
 22  29.574    9.0  4_4_1
 23  29.574    9.0  4_4_0
 24  33.512   11.0  5_4_2
 25  33.512   11.0  5_4_1
 26  33.629   17.0  8_2_7
 27  34.179   19.0  9_0_9
 28  34.463   17.0  8_2_6
 29  38.240   13.0  6_4_3
 30  38.240   13.0  6_4_2
 31  40.631   19.0  9_2_8
 32  41.543   21.0 10_0_10
 33  41.868   19.0  9_2_7
 34  43.761   15.0  7_4_4
 35  43.761   15.0  7_4_3
 36  48.387   21.0 10_2_9
 37  49.594   23.0 11_0_11
 38  50.076   17.0  8_4_5
 39  50.078   17.0  8_4_4
 40  50.125   21.0 10_2_8
!NUMBER OF RADIATIVE TRANSITIONS
116
!TRANS + UP + LOW + EINSTEINA(s^-1) + FREQ(GHz) + E_u(K)
    1     2     1  2.920e-07      23.59363609     1.132
    2     4     3  9.886e-06      70.27126175     6.764
    3     6     2  2.061e-07     210.03432587    11.212
    4     6     5  1.100e-13       0.14989604    11.212
    5     8     4  3.999e-07     163.29674179    14.601
    6     9     3  6.715e-07     234.25752531    14.634
    7     9     7  1.324e-08      70.93080431    14.634
    8    10     7  4.626e-05     115.38996864    16.767
    9    11     8  1.859e-05      94.25462754    19.124
   10    12     9  1.940e-05      95.57371266    19.220
   11    12    11  1.068e-10       2.00860688    19.220
   12    14    10  1.116e-06     166.74435062    24.770
   13    15     7  2.925e-06     286.75111717    24.991
   14    15    13  3.417e-09      34.17629624    24.991
   15    16    13  1.227e-04     158.50006863    30.958
   16    17    14  7.646e-05     140.93225320    31.533
   17    18    15  8.392e-05     145.33919666    31.967
   18    18    17  4.451e-09       9.02374138    31.967
   19    19    17  1.260e-04     164.04622197    39.406
   20    21    13  7.134e-06     350.24707809    40.160
   21    21    19  1.705e-08      15.70910459    40.160
   22    22     7  2.390e-09     652.61736223    42.550
   23    22    12  3.333e-07     486.11284526    42.550
   24    23     4  2.050e-09     745.67282148    42.550
   25    23    10  5.548e-10     537.22739359    42.550
   26    23    15  2.720e-08     365.86624506    42.550
   27    24    11  2.101e-06     606.17957023    48.216
   28    24    17  6.991e-08     347.60890785    48.216
   29    25     7  1.287e-08     770.67548031    48.216
   30    25    13  2.742e-09     518.10065938    48.216
   31    25    18  6.671e-08     338.58516648    48.216
   32    26    19  1.922e-04     187.07025313    48.384
   33    27    20  2.505e-04     200.17116669    49.176
   34    28    21  2.228e-04     196.36380737    49.584
   35    28    27  5.426e-11       8.51409485    49.584
   36    29    14  3.550e-06     630.28285284    55.018
   37    29    19  1.139e-07     325.30437767    55.018
   38    30    10  4.692e-08     797.02720347    55.018
   39    30    16  7.705e-09     501.34228254    55.018
   40    30    21  1.043e-07     309.59527308    55.018
   41    31    26  2.769e-04     209.91440904    58.459
   42    32    27  3.380e-04     220.76688206    59.771
   43    33    28  3.289e-04     221.99602955    60.238
   44    33    32  6.754e-11       9.74324235    60.238
   45    34    17  5.375e-06     654.86580277    62.962
   46    34    26  1.518e-07     303.74932767    62.962
   47    35    13  1.272e-07     825.35755430    62.962
   48    35    19  2.322e-06     490.81958080    62.962
   49    35    28  1.303e-07     278.74666884    62.962
   50    36    31  3.821e-04     232.51873129    69.618
   51    37    32  4.438e-04     241.36259742    71.354
   52    38    20  2.134e-07     676.75062405    72.048
   53    38    31  1.791e-07     283.15361230    72.048
   54    39    16  2.805e-07     856.23613775    72.051
   55    39    26  3.225e-06     493.12797976    72.051
   56    39    33  1.395e-07     246.12929137    72.051
   57    40    27  1.328e-05     478.04843852    72.118
   58    40    36  2.850e-07      52.10386217    72.118
   59     3     2  2.777e-06      47.06735535     3.391
   60     5     3  1.601e-07     162.81707448    11.205
   61     6     4  1.157e-08      92.69570876    11.212
   62     7     4  2.378e-05      93.05545925    11.230
   63     8     5  5.623e-06      70.75092907    14.601
   64     9     6  5.753e-06      71.29055480    14.634
   65     9     8  6.791e-12       0.68952177    14.634
   66    11     7  7.188e-07     164.49591008    19.124
   67    12     4  1.538e-06     259.55997621    19.220
   68    12    10  8.417e-09      51.11454833    19.220
   69    13    10  7.878e-05     137.18485229    23.351
   70    14    11  4.141e-05     117.63840918    24.770
   71    15    12  4.424e-05     120.24660021    24.991
   72    15    14  8.542e-10       4.61679791    24.991
   73    17    13  1.590e-06     170.49175153    31.533
   74    18    10  4.845e-06     316.70034520    31.967
   75    18    16  9.105e-10      21.01542427    31.967
   76    19    16  2.144e-06     176.03790487    39.406
   77    20    16  1.794e-04     179.42555528    39.569
   78    21    18  1.422e-04     170.73158519    40.160
   79    21    20  1.831e-10      12.32145417    40.160
   80    22     8  9.513e-07     582.37607969    42.550
   81    22    14  2.781e-08     370.48304297    42.550
   82    23     9  9.500e-07     581.68655792    42.550
   83    23    11  3.353e-07     488.12145215    42.550
   84    24    10  1.358e-08     655.28551167    48.216
   85    24    15  8.487e-07     483.92436314    48.216
   86    24    22  1.794e-05     118.05811808    48.216
   87    25    12  2.093e-06     604.17096334    48.216
   88    25    14  8.598e-07     488.54116105    48.216
   89    25    23  1.794e-05     118.05811808    48.216
   90    26    20  2.781e-06     183.68260271    48.384
   91    28    16  9.486e-06     388.11081682    49.584
   92    28    26  5.168e-08      25.00265883    49.584
   93    29    13  4.444e-08     659.84235117    55.018
   94    29    18  1.493e-06     480.32685827    55.018
   95    29    24  4.869e-05     141.74169179    55.018
   96    30    15  3.526e-06     625.66605493    55.018
   97    30    17  1.529e-06     489.35059965    55.018
   98    30    25  4.869e-05     141.74169179    55.018
   99    31    27  3.513e-06     193.42584506    58.459
  100    33    20  1.159e-05     430.68129109    60.238
  101    33    31  1.304e-07      37.08427935    60.238
  102    34    16  1.078e-07     666.85748566    62.962
  103    34    21  2.238e-06     475.11047621    62.962
  104    34    29  9.500e-05     165.51520313    62.962
  105    35    18  5.323e-06     645.84206140    62.962
  106    35    20  1.600e-08     487.43193038    62.962
  107    35    30  9.502e-05     165.51520313    62.962
  108    36    32  4.354e-06     205.17769429    69.618
  109    38    19  7.640e-06     680.13827447    72.048
  110    38    28  3.065e-06     468.06536251    72.048
  111    38    34  1.597e-04     189.31869367    72.048
  112    39    21  7.565e-06     664.48912829    72.051
  113    39    27  2.723e-08     476.63941578    72.051
  114    39    35  1.598e-04     189.37865208    72.051
  115    40    33  4.629e-04     247.53831411    72.118
  116    40    37  2.313e-10      15.91895904    72.118
!NUMBER OF COLL PARTNERS
1
!COLLISIONS BETWEEN
1 oSiC2-H2 from Chandra & Kegel (2000)
!NUMBER OF COLL TRANS
780
!NUMBER OF COLL TEMPS
5
!COLL TEMPS
   25.0   50.0   75.0  100.0  125.0
!TRANS + UP + LOW + COLLRATES(cm^3 s^-1)
    1     2     1 6.5e-12 7.4e-12 7.7e-12 8.0e-12 8.1e-12
    2     3     1 1.1e-11 1.5e-11 1.7e-11 1.8e-11 1.8e-11
    3     4     1 2.7e-12 3.4e-12 3.7e-12 3.8e-12 3.9e-12
    4     5     1 0.0e+00 0.0e+00 0.0e+00 0.0e+00 0.0e+00
    5     6     1 2.3e-12 2.3e-12 2.4e-12 2.6e-12 2.7e-12
    6     7     1 7.1e-13 1.4e-12 1.8e-12 2.1e-12 2.2e-12
    7     8     1 0.0e+00 0.0e+00 0.0e+00 0.0e+00 0.0e+00
    8     9     1 1.7e-12 1.8e-12 1.9e-12 2.0e-12 2.0e-12
    9    10     1 1.7e-12 2.4e-12 2.9e-12 3.2e-12 3.4e-12
   10    11     1 0.0e+00 0.0e+00 0.0e+00 0.0e+00 0.0e+00
   11    12     1 2.3e-12 2.9e-12 3.2e-12 3.4e-12 3.6e-12
   12    13     1 8.5e-14 1.5e-13 2.0e-13 2.4e-13 2.7e-13
   13    14     1 0.0e+00 0.0e+00 0.0e+00 0.0e+00 0.0e+00
   14    15     1 5.6e-13 8.7e-13 1.1e-12 1.3e-12 1.4e-12
   15    16     1 3.7e-13 7.1e-13 1.0e-12 1.3e-12 1.4e-12
   16    17     1 0.0e+00 0.0e+00 0.0e+00 0.0e+00 0.0e+00
   17    18     1 6.4e-13 1.0e-12 1.3e-12 1.6e-12 1.8e-12
   18    19     1 0.0e+00 0.0e+00 0.0e+00 0.0e+00 0.0e+00
   19    20     1 2.3e-13 3.5e-13 4.7e-13 5.7e-13 6.4e-13
   20    21     1 1.3e-13 1.8e-13 2.5e-13 3.2e-13 3.8e-13
   21    22     1 0.0e+00 0.0e+00 0.0e+00 0.0e+00 0.0e+00
   22    23     1 6.8e-13 4.3e-13 3.8e-13 3.6e-13 3.6e-13
   23    24     1 0.0e+00 0.0e+00 0.0e+00 0.0e+00 0.0e+00
   24    25     1 4.2e-13 2.9e-13 2.8e-13 2.8e-13 2.8e-13
   25    26     1 0.0e+00 0.0e+00 0.0e+00 0.0e+00 0.0e+00
   26    27     1 4.8e-14 8.9e-14 1.5e-13 2.1e-13 2.6e-13
   27    28     1 1.4e-13 2.1e-13 3.1e-13 3.9e-13 4.6e-13
   28    29     1 0.0e+00 0.0e+00 0.0e+00 0.0e+00 0.0e+00
   29    30     1 4.2e-13 4.0e-13 4.4e-13 4.7e-13 5.0e-13
   30    31     1 0.0e+00 0.0e+00 0.0e+00 0.0e+00 0.0e+00
   31    32     1 1.4e-13 2.4e-13 3.8e-13 5.1e-13 6.3e-13
   32    33     1 4.7e-13 2.1e-13 2.2e-13 2.4e-13 2.6e-13
   33    34     1 0.0e+00 0.0e+00 0.0e+00 0.0e+00 0.0e+00
   34    35     1 4.8e-13 3.8e-13 4.4e-13 4.9e-13 5.3e-13
   35    36     1 0.0e+00 0.0e+00 0.0e+00 0.0e+00 0.0e+00
   36    37     1 9.1e-15 1.4e-14 2.2e-14 2.9e-14 3.6e-14
   37    38     1 0.0e+00 0.0e+00 0.0e+00 0.0e+00 0.0e+00
   38    39     1 2.5e-13 2.6e-13 3.4e-13 4.0e-13 4.6e-13
   39    40     1 9.4e-14 4.6e-14 5.4e-14 6.6e-14 7.9e-14
   40     3     2 1.2e-11 1.5e-11 1.6e-11 1.6e-11 1.6e-11
   41     4     2 1.7e-11 2.2e-11 2.5e-11 2.7e-11 2.8e-11
   42     5     2 3.9e-12 3.9e-12 4.2e-12 4.4e-12 4.7e-12
   43     6     2 1.4e-12 1.7e-12 1.8e-12 1.9e-12 2.0e-12
   44     7     2 6.3e-12 8.3e-12 9.4e-12 1.0e-11 1.0e-11
   45     8     2 1.7e-12 1.9e-12 2.0e-12 2.1e-12 2.2e-12
   46     9     2 4.6e-12 5.4e-12 5.9e-12 6.3e-12 6.7e-12
   47    10     2 1.1e-12 2.1e-12 2.7e-12 3.1e-12 3.4e-12
   48    11     2 1.1e-12 1.4e-12 1.6e-12 1.7e-12 1.7e-12
   49    12     2 2.4e-12 3.0e-12 3.4e-12 3.8e-12 4.0e-12
   50    13     2 3.3e-12 4.8e-12 5.9e-12 6.6e-12 7.1e-12
   51    14     2 3.1e-13 4.7e-13 5.9e-13 6.7e-13 7.4e-13
   52    15     2 4.1e-12 5.2e-12 6.1e-12 6.6e-12 7.1e-12
   53    16     2 3.9e-13 6.5e-13 9.1e-13 1.1e-12 1.3e-12
   54    17     2 1.6e-13 2.4e-13 3.1e-13 3.7e-13 4.1e-13
   55    18     2 8.7e-13 1.3e-12 1.6e-12 1.9e-12 2.2e-12
   56    19     2 2.5e-14 4.4e-14 6.8e-14 8.9e-14 1.1e-13
   57    20     2 7.6e-13 1.3e-12 1.8e-12 2.2e-12 2.6e-12
   58    21     2 1.2e-12 1.8e-12 2.4e-12 2.8e-12 3.1e-12
   59    22     2 1.5e-12 9.6e-13 8.6e-13 8.3e-13 8.3e-13
   60    23     2 1.9e-13 1.5e-13 1.5e-13 1.5e-13 1.5e-13
   61    24     2 6.2e-13 4.3e-13 4.1e-13 4.1e-13 4.2e-13
   62    25     2 7.4e-13 5.8e-13 5.9e-13 6.1e-13 6.3e-13
   63    26     2 3.4e-14 4.4e-14 5.8e-14 6.9e-14 7.9e-14
   64    27     2 6.0e-13 8.9e-13 1.3e-12 1.6e-12 1.9e-12
   65    28     2 6.6e-13 5.2e-13 6.3e-13 7.4e-13 8.4e-13
   66    29     2 4.4e-13 4.2e-13 4.7e-13 5.0e-13 5.3e-13
   67    30     2 8.0e-13 6.3e-13 6.8e-13 7.3e-13 7.8e-13
   68    31     2 5.1e-14 2.0e-14 1.9e-14 2.0e-14 2.2e-14
   69    32     2 9.0e-14 1.6e-13 2.6e-13 3.5e-13 4.4e-13
   70    33     2 3.3e-13 3.8e-13 5.3e-13 6.6e-13 7.7e-13
   71    34     2 3.9e-13 3.1e-13 3.5e-13 3.9e-13 4.3e-13
   72    35     2 7.4e-13 7.3e-13 8.5e-13 9.5e-13 1.0e-12
   73    36     2 1.1e-14 9.5e-15 1.2e-14 1.4e-14 1.6e-14
   74    37     2 3.4e-13 5.3e-13 8.2e-13 1.1e-12 1.4e-12
   75    38     2 1.5e-13 1.6e-13 2.1e-13 2.5e-13 2.8e-13
   76    39     2 2.6e-12 9.9e-13 9.5e-13 1.0e-12 1.1e-12
   77    40     2 1.2e-12 4.6e-13 4.8e-13 5.4e-13 6.0e-13
   78     4     3 1.4e-11 1.8e-11 2.0e-11 2.1e-11 2.2e-11
   79     5     3 3.5e-12 4.4e-12 4.8e-12 5.1e-12 5.3e-12
   80     6     3 3.2e-12 4.1e-12 4.7e-12 5.2e-12 5.6e-12
   81     7     3 2.0e-11 2.5e-11 2.8e-11 2.9e-11 3.1e-11
   82     8     3 6.6e-12 7.6e-12 8.4e-12 9.0e-12 9.5e-12
   83     9     3 6.6e-13 1.3e-12 1.7e-12 2.1e-12 2.3e-12
   84    10     3 7.7e-12 9.8e-12 1.1e-11 1.2e-11 1.3e-11
   85    11     3 3.1e-12 3.8e-12 4.3e-12 4.7e-12 5.0e-12
   86    12     3 3.9e-12 4.5e-12 5.2e-12 5.8e-12 6.2e-12
   87    13     3 1.5e-12 2.6e-12 3.5e-12 4.2e-12 4.6e-12
   88    14     3 2.4e-12 3.1e-12 3.6e-12 3.9e-12 4.2e-12
   89    15     3 2.0e-12 2.2e-12 2.5e-12 2.8e-12 3.0e-12
   90    16     3 4.8e-12 6.1e-12 7.2e-12 7.9e-12 8.5e-12
   91    17     3 6.3e-13 9.3e-13 1.2e-12 1.4e-12 1.6e-12
   92    18     3 5.0e-12 5.8e-12 6.5e-12 7.1e-12 7.5e-12
   93    19     3 4.4e-13 6.2e-13 7.9e-13 9.3e-13 1.0e-12
   94    20     3 5.7e-13 9.4e-13 1.4e-12 1.8e-12 2.2e-12
   95    21     3 1.3e-12 1.4e-12 1.8e-12 2.0e-12 2.2e-12
   96    22     3 5.6e-13 4.5e-13 4.5e-13 4.6e-13 4.7e-13
   97    23     3 1.4e-12 9.9e-13 9.4e-13 9.4e-13 9.5e-13
   98    24     3 2.0e-12 1.5e-12 1.5e-12 1.5e-12 1.6e-12
   99    25     3 3.3e-13 3.1e-13 3.6e-13 4.1e-13 4.4e-13
  100    26     3 1.2e-13 1.2e-13 1.6e-13 2.1e-13 2.4e-13
  101    27     3 1.2e-12 1.7e-12 2.3e-12 2.8e-12 3.1e-12
  102    28     3 1.7e-12 2.2e-12 2.7e-12 3.2e-12 3.5e-12
  103    29     3 1.4e-12 1.1e-12 1.2e-12 1.3e-12 1.4e-12
  104    30     3 4.8e-13 3.8e-13 4.4e-13 5.0e-13 5.5e-13
  105    31     3 1.0e-13 1.2e-13 1.5e-13 1.8e-13 2.1e-13
  106    32     3 9.7e-13 1.2e-12 1.7e-12 2.1e-12 2.5e-12
  107    33     3 8.9e-13 6.7e-13 7.9e-13 9.3e-13 1.1e-12
  108    34     3 1.0e-12 1.0e-12 1.2e-12 1.3e-12 1.4e-12
  109    35     3 1.7e-12 6.8e-13 6.1e-13 6.4e-13 6.9e-13
  110    36     3 2.0e-13 6.7e-14 6.1e-14 6.5e-14 7.0e-14
  111    37     3 1.4e-13 2.4e-13 3.9e-13 5.3e-13 6.7e-13
  112    38     3 2.7e-12 1.1e-12 1.1e-12 1.1e-12 1.2e-12
  113    39     3 7.7e-13 6.2e-13 7.0e-13 7.8e-13 8.7e-13
  114    40     3 5.5e-13 5.1e-13 6.6e-13 8.2e-13 9.4e-13
  115     5     4 3.3e-12 5.3e-12 6.5e-12 7.2e-12 7.8e-12
  116     6     4 3.6e-12 5.1e-12 5.9e-12 6.5e-12 7.0e-12
  117     7     4 1.4e-11 1.8e-11 2.0e-11 2.1e-11 2.2e-11
  118     8     4 2.6e-12 4.1e-12 5.2e-12 5.9e-12 6.5e-12
  119     9     4 2.6e-12 3.3e-12 4.1e-12 4.7e-12 5.2e-12
  120    10     4 2.3e-11 2.7e-11 3.0e-11 3.2e-11 3.4e-11
  121    11     4 7.6e-12 9.1e-12 1.0e-11 1.1e-11 1.2e-11
  122    12     4 5.0e-13 6.9e-13 8.9e-13 1.1e-12 1.2e-12
  123    13     4 9.2e-12 1.1e-11 1.2e-11 1.3e-11 1.3e-11
  124    14     4 3.7e-12 4.5e-12 5.2e-12 5.7e-12 6.2e-12
  125    15     4 3.6e-12 3.7e-12 4.0e-12 4.4e-12 4.7e-12
  126    16     4 1.6e-12 2.8e-12 3.8e-12 4.7e-12 5.3e-12
  127    17     4 3.7e-12 4.5e-12 5.3e-12 5.8e-12 6.1e-12
  128    18     4 2.1e-12 2.0e-12 2.2e-12 2.3e-12 2.4e-12
  129    19     4 9.5e-13 1.3e-12 1.6e-12 1.9e-12 2.1e-12
  130    20     4 6.6e-12 7.5e-12 8.4e-12 9.1e-12 9.6e-12
  131    21     4 6.0e-12 6.2e-12 6.7e-12 7.1e-12 7.5e-12
  132    22     4 9.4e-13 8.6e-13 9.4e-13 1.0e-12 1.1e-12
  133    23     4 7.6e-13 6.5e-13 6.8e-13 7.2e-13 7.5e-13
  134    24     4 5.3e-13 6.1e-13 7.8e-13 9.2e-13 1.0e-12
  135    25     4 2.1e-12 1.5e-12 1.5e-12 1.6e-12 1.7e-12
  136    26     4 7.8e-13 9.9e-13 1.3e-12 1.5e-12 1.6e-12
  137    27     4 7.3e-13 1.0e-12 1.4e-12 1.9e-12 2.3e-12
  138    28     4 1.4e-12 1.4e-12 1.7e-12 2.0e-12 2.2e-12
  139    29     4 1.9e-12 1.5e-12 1.6e-12 1.8e-12 1.9e-12
  140    30     4 1.3e-12 7.1e-13 7.0e-13 7.5e-13 8.1e-13
  141    31     4 2.6e-13 2.0e-13 2.6e-13 3.1e-13 3.6e-13
  142    32     4 1.7e-12 2.2e-12 2.9e-12 3.4e-12 3.8e-12
  143    33     4 2.3e-12 2.5e-12 3.1e-12 3.5e-12 3.8e-12
  144    34     4 3.5e-12 1.8e-12 1.8e-12 1.9e-12 2.1e-12
  145    35     4 4.7e-13 3.2e-13 3.5e-13 4.0e-13 4.5e-13
  146    36     4 2.0e-13 1.9e-13 2.3e-13 2.7e-13 3.1e-13
  147    37     4 1.5e-12 1.5e-12 1.9e-12 2.3e-12 2.7e-12
  148    38     4 1.5e-12 1.4e-12 1.6e-12 1.8e-12 2.0e-12
  149    39     4 5.7e-13 2.9e-13 2.8e-13 3.1e-13 3.5e-13
  150    40     4 1.2e-12 8.1e-13 9.1e-13 1.0e-12 1.2e-12
  151     6     5 1.3e-11 1.6e-11 1.7e-11 1.7e-11 1.8e-11
  152     7     5 1.4e-12 2.7e-12 3.5e-12 4.2e-12 4.7e-12
  153     8     5 9.2e-12 1.1e-11 1.2e-11 1.3e-11 1.3e-11
  154     9     5 2.2e-11 3.0e-11 3.3e-11 3.6e-11 3.7e-11
  155    10     5 8.3e-13 1.5e-12 2.1e-12 2.5e-12 2.8e-12
  156    11     5 9.3e-12 1.2e-11 1.4e-11 1.5e-11 1.6e-11
  157    12     5 4.8e-12 6.0e-12 6.6e-12 6.9e-12 7.1e-12
  158    13     5 7.9e-13 1.5e-12 2.1e-12 2.6e-12 3.0e-12
  159    14     5 4.9e-12 6.9e-12 8.2e-12 9.0e-12 9.5e-12
  160    15     5 2.5e-12 4.6e-12 6.0e-12 6.9e-12 7.6e-12
  161    16     5 4.0e-13 7.1e-13 9.9e-13 1.2e-12 1.4e-12
  162    17     5 5.9e-13 1.0e-12 1.3e-12 1.5e-12 1.6e-12
  163    18     5 2.1e-12 2.8e-12 3.2e-12 3.5e-12 3.7e-12
  164    19     5 2.6e-12 3.6e-12 4.7e-12 5.5e-12 6.1e-12
  165    20     5 2.8e-13 4.2e-13 6.2e-13 8.1e-13 9.7e-13
  166    21     5 6.4e-13 1.4e-12 2.1e-12 2.7e-12 3.2e-12
  167    22     5 7.5e-12 5.3e-12 5.0e-12 5.0e-12 5.1e-12
  168    23     5 2.7e-12 2.1e-12 2.0e-12 2.0e-12 2.0e-12
  169    24     5 4.7e-12 3.5e-12 3.4e-12 3.4e-12 3.4e-12
  170    25     5 4.2e-12 3.8e-12 3.8e-12 3.8e-12 3.9e-12
  171    26     5 2.4e-13 3.7e-13 5.1e-13 6.2e-13 7.0e-13
  172    27     5 3.0e-13 4.9e-13 7.1e-13 8.9e-13 1.0e-12
  173    28     5 5.3e-13 6.9e-13 8.8e-13 1.0e-12 1.1e-12
  174    29     5 4.5e-12 3.7e-12 3.7e-12 3.8e-12 3.9e-12
  175    30     5 1.6e-12 1.7e-12 1.9e-12 2.0e-12 2.2e-12
  176    31     5 1.7e-12 1.3e-12 1.7e-12 2.1e-12 2.4e-12
  177    32     5 1.5e-13 8.2e-14 1.0e-13 1.3e-13 1.6e-13
  178    33     5 4.5e-13 8.1e-13 1.3e-12 1.7e-12 2.1e-12
  179    34     5 1.5e-12 1.3e-12 1.5e-12 1.6e-12 1.7e-12
  180    35     5 1.5e-12 1.6e-12 1.8e-12 2.0e-12 2.2e-12
  181    36     5 4.4e-13 4.9e-13 6.9e-13 8.8e-13 1.0e-12
  182    37     5 1.6e-13 2.7e-13 4.2e-13 5.8e-13 7.1e-13
  183    38     5 1.2e-12 1.1e-12 1.2e-12 1.4e-12 1.5e-12
  184    39     5 3.0e-13 3.3e-13 4.5e-13 5.5e-13 6.4e-13
  185    40     5 1.4e-13 1.9e-13 2.7e-13 3.5e-13 4.1e-13
  186     7     6 1.4e-12 2.5e-12 3.2e-12 3.7e-12 4.1e-12
  187     8     6 2.1e-11 2.7e-11 3.1e-11 3.3e-11 3.4e-11
  188     9     6 8.7e-12 1.0e-11 1.1e-11 1.2e-11 1.2e-11
  189    10     6 1.2e-12 2.3e-12 3.2e-12 3.8e-12 4.3e-12
  190    11     6 6.0e-12 8.0e-12 9.1e-12 9.7e-12 1.0e-11
  191    12     6 1.1e-11 1.5e-11 1.7e-11 1.8e-11 1.9e-11
  192    13     6 5.3e-13 1.0e-12 1.4e-12 1.7e-12 2.0e-12
  193    14     6 1.3e-12 2.4e-12 3.2e-12 3.7e-12 4.0e-12
  194    15     6 3.4e-12 4.3e-12 4.9e-12 5.2e-12 5.4e-12
  195    16     6 3.9e-13 7.5e-13 1.1e-12 1.5e-12 1.7e-12
  196    17     6 3.6e-12 5.4e-12 6.7e-12 7.6e-12 8.2e-12
  197    18     6 1.4e-12 2.6e-12 3.6e-12 4.3e-12 4.8e-12
  198    19     6 1.3e-13 2.6e-13 3.7e-13 4.6e-13 5.3e-13
  199    20     6 3.5e-13 5.9e-13 8.3e-13 1.0e-12 1.2e-12
  200    21     6 1.2e-12 1.5e-12 1.7e-12 1.9e-12 2.1e-12
  201    22     6 2.7e-12 2.1e-12 2.0e-12 2.0e-12 2.0e-12
  202    23     6 7.6e-12 5.4e-12 5.1e-12 5.1e-12 5.2e-12
  203    24     6 4.0e-12 3.5e-12 3.5e-12 3.5e-12 3.6e-12
  204    25     6 4.7e-12 3.6e-12 3.4e-12 3.4e-12 3.5e-12
  205    26     6 1.9e-12 2.2e-12 2.9e-12 3.5e-12 4.0e-12
  206    27     6 2.4e-13 2.0e-13 2.6e-13 3.3e-13 4.0e-13
  207    28     6 5.7e-13 1.1e-12 1.7e-12 2.3e-12 2.7e-12
  208    29     6 1.6e-12 1.6e-12 1.8e-12 1.9e-12 2.1e-12
  209    30     6 4.8e-12 4.0e-12 4.0e-12 4.1e-12 4.2e-12
  210    31     6 3.8e-13 4.9e-13 6.6e-13 8.1e-13 9.3e-13
  211    32     6 2.2e-13 3.8e-13 5.8e-13 7.6e-13 9.2e-13
  212    33     6 3.3e-13 4.0e-13 5.1e-13 6.0e-13 6.8e-13
  213    34     6 1.3e-12 1.4e-12 1.6e-12 1.8e-12 1.9e-12
  214    35     6 1.5e-12 1.4e-12 1.5e-12 1.7e-12 1.8e-12
  215    36     6 9.8e-13 5.8e-13 7.6e-13 9.7e-13 1.2e-12
  216    37     6 9.5e-14 5.3e-14 6.6e-14 8.4e-14 1.0e-13
  217    38     6 4.6e-13 4.0e-13 5.2e-13 6.3e-13 7.2e-13
  218    39     6 1.3e-12 1.2e-12 1.4e-12 1.5e-12 1.7e-12
  219    40     6 3.3e-13 5.6e-13 8.9e-13 1.2e-12 1.5e-12
  220     8     7 1.9e-12 3.6e-12 4.8e-12 5.8e-12 6.5e-12
  221     9     7 3.3e-12 4.8e-12 5.7e-12 6.3e-12 6.9e-12
  222    10     7 1.4e-11 1.7e-11 1.9e-11 2.0e-11 2.1e-11
  223    11     7 1.5e-12 2.6e-12 3.6e-12 4.3e-12 4.9e-12
  224    12     7 2.7e-12 3.2e-12 3.7e-12 4.2e-12 4.6e-12
  225    13     7 2.5e-11 2.9e-11 3.2e-11 3.4e-11 3.6e-11
  226    14     7 8.4e-12 9.9e-12 1.1e-11 1.2e-11 1.3e-11
  227    15     7 1.1e-12 1.3e-12 1.4e-12 1.6e-12 1.7e-12
  228    16     7 1.1e-11 1.2e-11 1.2e-11 1.3e-11 1.3e-11
  229    17     7 4.0e-12 4.6e-12 5.3e-12 5.9e-12 6.3e-12
  230    18     7 3.9e-12 3.5e-12 3.5e-12 3.7e-12 3.8e-12
  231    19     7 4.9e-12 5.8e-12 6.6e-12 7.2e-12 7.7e-12
  232    20     7 1.6e-12 2.6e-12 3.6e-12 4.4e-12 5.0e-12
  233    21     7 2.1e-12 1.9e-12 2.0e-12 2.1e-12 2.2e-12
  234    22     7 7.0e-13 7.0e-13 8.2e-13 9.2e-13 1.0e-12
  235    23     7 6.4e-13 7.9e-13 9.8e-13 1.1e-12 1.2e-12
  236    24     7 1.2e-12 1.0e-12 1.1e-12 1.3e-12 1.4e-12
  237    25     7 1.1e-12 1.0e-12 1.2e-12 1.3e-12 1.4e-12
  238    26     7 1.2e-12 1.5e-12 1.8e-12 2.1e-12 2.4e-12
  239    27     7 8.9e-12 9.1e-12 9.9e-12 1.1e-11 1.1e-11
  240    28     7 7.1e-12 6.7e-12 7.0e-12 7.3e-12 7.5e-12
  241    29     7 1.6e-12 7.6e-13 7.7e-13 8.9e-13 1.0e-12
  242    30     7 2.6e-12 2.0e-12 2.0e-12 2.1e-12 2.3e-12
  243    31     7 1.2e-12 1.3e-12 1.6e-12 1.9e-12 2.1e-12
  244    32     7 9.6e-13 1.0e-12 1.4e-12 1.7e-12 2.1e-12
  245    33     7 1.5e-12 1.5e-12 1.7e-12 1.9e-12 2.1e-12
  246    34     7 1.7e-12 1.2e-12 1.3e-12 1.4e-12 1.5e-12
  247    35     7 1.6e-12 1.1e-12 1.1e-12 1.2e-12 1.3e-12
  248    36     7 4.7e-13 3.1e-13 3.6e-13 4.3e-13 4.9e-13
  249    37     7 2.5e-12 2.8e-12 3.4e-12 4.0e-12 4.5e-12
  250    38     7 3.0e-12 1.6e-12 1.6e-12 1.7e-12 1.9e-12
  251    39     7 6.6e-13 5.0e-13 5.5e-13 6.1e-13 6.7e-13
  252    40     7 3.0e-12 2.9e-12 3.4e-12 3.8e-12 4.1e-12
  253     9     8 9.5e-12 1.3e-11 1.4e-11 1.5e-11 1.5e-11
  254    10     8 1.5e-12 2.3e-12 2.9e-12 3.3e-12 3.8e-12
  255    11     8 9.4e-12 1.2e-11 1.3e-11 1.4e-11 1.4e-11
  256    12     8 1.7e-11 2.3e-11 2.5e-11 2.7e-11 2.9e-11
  257    13     8 9.3e-13 1.5e-12 2.0e-12 2.3e-12 2.6e-12
  258    14     8 1.5e-11 1.7e-11 1.9e-11 2.0e-11 2.1e-11
  259    15     8 5.1e-12 6.7e-12 7.6e-12 8.2e-12 8.6e-12
  260    16     8 1.4e-12 2.2e-12 2.8e-12 3.2e-12 3.5e-12
  261    17     8 5.2e-12 6.1e-12 6.9e-12 7.5e-12 8.0e-12
  262    18     8 3.1e-12 5.1e-12 6.5e-12 7.4e-12 8.2e-12
  263    19     8 1.4e-12 2.1e-12 2.7e-12 3.2e-12 3.5e-12
  264    20     8 4.9e-13 7.6e-13 1.0e-12 1.3e-12 1.5e-12
  265    21     8 2.6e-12 3.3e-12 3.9e-12 4.3e-12 4.6e-12
  266    22     8 4.3e-12 3.7e-12 3.7e-12 3.8e-12 3.9e-12
  267    23     8 5.5e-12 4.8e-12 4.9e-12 5.0e-12 5.2e-12
  268    24     8 8.2e-12 6.3e-12 6.2e-12 6.3e-12 6.5e-12
  269    25     8 1.2e-12 1.5e-12 1.8e-12 2.0e-12 2.2e-12
  270    26     8 3.6e-12 4.1e-12 4.8e-12 5.3e-12 5.8e-12
  271    27     8 3.6e-13 5.8e-13 8.7e-13 1.1e-12 1.3e-12
  272    28     8 7.9e-13 1.6e-12 2.3e-12 2.9e-12 3.4e-12
  273    29     8 5.5e-12 3.9e-12 3.7e-12 3.8e-12 3.8e-12
  274    30     8 1.5e-12 1.6e-12 1.9e-12 2.0e-12 2.2e-12
  275    31     8 3.0e-13 4.9e-13 7.6e-13 1.0e-12 1.2e-12
  276    32     8 4.9e-13 6.2e-13 8.1e-13 9.8e-13 1.1e-12
  277    33     8 8.5e-13 8.9e-13 1.1e-12 1.3e-12 1.5e-12
  278    34     8 6.9e-12 5.0e-12 4.8e-12 4.7e-12 4.8e-12
  279    35     8 7.7e-13 7.8e-13 9.2e-13 1.0e-12 1.2e-12
  280    36     8 2.4e-12 1.8e-12 2.1e-12 2.5e-12 2.8e-12
  281    37     8 2.6e-13 1.3e-13 1.7e-13 2.3e-13 3.0e-13
  282    38     8 2.5e-12 1.9e-12 2.0e-12 2.1e-12 2.2e-12
  283    39     8 1.2e-12 1.2e-12 1.4e-12 1.5e-12 1.6e-12
  284    40     8 6.7e-13 9.5e-13 1.4e-12 1.8e-12 2.2e-12
  285    10     9 1.4e-12 2.5e-12 3.2e-12 3.6e-12 4.0e-12
  286    11     9 1.6e-11 2.2e-11 2.4e-11 2.6e-11 2.7e-11
  287    12     9 9.9e-12 1.2e-11 1.4e-11 1.5e-11 1.5e-11
  288    13     9 1.4e-12 2.4e-12 3.3e-12 3.9e-12 4.4e-12
  289    14     9 5.4e-12 7.0e-12 8.1e-12 8.8e-12 9.4e-12
  290    15     9 1.6e-11 1.9e-11 2.1e-11 2.2e-11 2.3e-11
  291    16     9 6.4e-13 1.1e-12 1.5e-12 1.8e-12 2.1e-12
  292    17     9 1.6e-12 2.8e-12 3.7e-12 4.3e-12 4.7e-12
  293    18     9 4.0e-12 4.7e-12 5.3e-12 5.8e-12 6.2e-12
  294    19     9 4.4e-12 5.4e-12 6.3e-12 6.9e-12 7.4e-12
  295    20     9 6.3e-13 9.9e-13 1.4e-12 1.7e-12 1.9e-12
  296    21     9 2.5e-12 3.9e-12 4.9e-12 5.7e-12 6.3e-12
  297    22     9 5.8e-12 5.2e-12 5.3e-12 5.4e-12 5.6e-12
  298    23     9 4.3e-12 3.8e-12 3.8e-12 3.9e-12 3.9e-12
  299    24     9 1.2e-12 1.5e-12 1.8e-12 2.1e-12 2.2e-12
  300    25     9 7.5e-12 5.7e-12 5.6e-12 5.7e-12 5.9e-12
  301    26     9 3.1e-13 5.6e-13 8.7e-13 1.1e-12 1.4e-12
  302    27     9 4.4e-13 6.7e-13 9.3e-13 1.2e-12 1.3e-12
  303    28     9 2.1e-12 2.2e-12 2.4e-12 2.6e-12 2.8e-12
  304    29     9 1.8e-12 1.9e-12 2.1e-12 2.3e-12 2.5e-12
  305    30     9 5.4e-12 3.8e-12 3.6e-12 3.6e-12 3.7e-12
  306    31     9 1.9e-12 2.3e-12 3.0e-12 3.5e-12 4.0e-12
  307    32     9 4.1e-13 3.3e-13 4.1e-13 5.0e-13 5.9e-13
  308    33     9 7.4e-13 1.3e-12 1.9e-12 2.4e-12 2.9e-12
  309    34     9 7.0e-13 7.4e-13 8.9e-13 1.0e-12 1.1e-12
  310    35     9 7.0e-12 5.1e-12 4.8e-12 4.8e-12 4.8e-12
  311    36     9 5.1e-13 6.1e-13 8.4e-13 1.1e-12 1.3e-12
  312    37     9 3.5e-13 4.6e-13 6.5e-13 8.4e-13 1.0e-12
  313    38     9 1.0e-12 9.6e-13 1.1e-12 1.3e-12 1.4e-12
  314    39     9 2.6e-12 2.0e-12 2.1e-12 2.2e-12 2.3e-12
  315    40     9 7.7e-13 7.0e-13 8.3e-13 9.6e-13 1.1e-12
  316    11    10 1.2e-12 2.4e-12 3.5e-12 4.4e-12 5.1e-12
  317    12    10 3.2e-12 5.0e-12 6.1e-12 6.9e-12 7.5e-12
  318    13    10 1.5e-11 1.7e-11 1.8e-11 1.9e-11 2.0e-11
  319    14    10 9.9e-13 1.7e-12 2.3e-12 2.9e-12 3.3e-12
  320    15    10 2.9e-12 3.4e-12 3.8e-12 4.2e-12 4.6e-12
  321    16    10 2.7e-11 3.1e-11 3.3e-11 3.5e-11 3.7e-11
  322    17    10 9.2e-12 1.1e-11 1.2e-11 1.3e-11 1.4e-11
  323    18    10 1.4e-12 1.8e-12 2.1e-12 2.3e-12 2.5e-12
  324    19    10 4.2e-12 4.6e-12 5.2e-12 5.7e-12 6.2e-12
  325    20    10 1.3e-11 1.3e-11 1.3e-11 1.4e-11 1.4e-11
  326    21    10 4.2e-12 3.5e-12 3.5e-12 3.5e-12 3.6e-12
  327    22    10 4.7e-13 7.1e-13 9.6e-13 1.1e-12 1.3e-12
  328    23    10 6.3e-13 7.2e-13 9.3e-13 1.1e-12 1.3e-12
  329    24    10 1.5e-12 1.1e-12 1.1e-12 1.2e-12 1.3e-12
  330    25    10 5.3e-13 6.9e-13 9.4e-13 1.2e-12 1.4e-12
  331    26    10 6.2e-12 6.9e-12 7.7e-12 8.3e-12 8.9e-12
  332    27    10 1.5e-12 2.4e-12 3.2e-12 3.9e-12 4.4e-12
  333    28    10 2.2e-12 1.9e-12 1.9e-12 2.0e-12 2.1e-12
  334    29    10 1.6e-12 1.2e-12 1.2e-12 1.3e-12 1.4e-12
  335    30    10 1.5e-12 1.2e-12 1.3e-12 1.6e-12 1.7e-12
  336    31    10 1.5e-12 1.7e-12 2.0e-12 2.3e-12 2.5e-12
  337    32    10 1.2e-11 1.1e-11 1.2e-11 1.2e-11 1.3e-11
  338    33    10 8.2e-12 7.0e-12 7.2e-12 7.4e-12 7.6e-12
  339    34    10 4.5e-13 2.5e-13 3.0e-13 3.9e-13 5.0e-13
  340    35    10 3.1e-12 2.3e-12 2.4e-12 2.6e-12 2.7e-12
  341    36    10 1.6e-12 1.7e-12 2.0e-12 2.2e-12 2.4e-12
  342    37    10 1.3e-12 1.2e-12 1.4e-12 1.6e-12 1.9e-12
  343    38    10 1.5e-12 9.0e-13 8.8e-13 9.5e-13 1.0e-12
  344    39    10 2.8e-12 1.7e-12 1.7e-12 1.9e-12 2.0e-12
  345    40    10 1.7e-12 1.5e-12 1.6e-12 1.8e-12 1.9e-12
  346    12    11 7.4e-12 1.0e-11 1.2e-11 1.3e-11 1.3e-11
  347    13    11 1.8e-12 2.5e-12 2.9e-12 3.2e-12 3.4e-12
  348    14    11 9.9e-12 1.1e-11 1.2e-11 1.2e-11 1.3e-11
  349    15    11 1.4e-11 1.8e-11 2.0e-11 2.2e-11 2.3e-11
  350    16    11 9.9e-13 1.5e-12 1.8e-12 2.1e-12 2.3e-12
  351    17    11 2.0e-11 2.2e-11 2.4e-11 2.5e-11 2.6e-11
  352    18    11 5.3e-12 7.2e-12 8.4e-12 9.1e-12 9.7e-12
  353    19    11 5.9e-12 6.0e-12 6.3e-12 6.6e-12 6.8e-12
  354    20    11 1.9e-12 2.8e-12 3.5e-12 4.0e-12 4.3e-12
  355    21    11 3.5e-12 5.1e-12 6.3e-12 7.2e-12 7.8e-12
  356    22    11 4.0e-12 4.4e-12 4.8e-12 5.2e-12 5.4e-12
  357    23    11 3.6e-12 3.8e-12 4.2e-12 4.4e-12 4.7e-12
  358    24    11 2.5e-12 2.5e-12 2.8e-12 3.0e-12 3.2e-12
  359    25    11 4.7e-12 4.0e-12 4.2e-12 4.5e-12 4.8e-12
  360    26    11 2.0e-12 2.9e-12 3.7e-12 4.3e-12 4.8e-12
  361    27    11 6.4e-13 8.2e-13 1.0e-12 1.2e-12 1.4e-12
  362    28    11 2.8e-12 3.4e-12 4.1e-12 4.6e-12 5.0e-12
  363    29    11 8.4e-12 6.3e-12 6.1e-12 6.1e-12 6.3e-12
  364    30    11 1.1e-12 9.9e-13 1.1e-12 1.3e-12 1.4e-12
  365    31    11 5.4e-12 5.2e-12 5.5e-12 5.9e-12 6.1e-12
  366    32    11 4.5e-13 7.3e-13 1.1e-12 1.4e-12 1.7e-12
  367    33    11 1.1e-12 1.8e-12 2.4e-12 3.0e-12 3.5e-12
  368    34    11 6.4e-12 4.4e-12 4.1e-12 4.1e-12 4.2e-12
  369    35    11 5.1e-13 6.7e-13 8.7e-13 1.0e-12 1.2e-12
  370    36    11 3.9e-13 5.4e-13 8.2e-13 1.1e-12 1.4e-12
  371    37    11 7.4e-13 8.1e-13 9.8e-13 1.1e-12 1.3e-12
  372    38    11 9.4e-12 6.3e-12 5.9e-12 5.8e-12 5.8e-12
  373    39    11 4.5e-13 3.8e-13 4.6e-13 5.4e-13 6.1e-13
  374    40    11 1.1e-12 9.6e-13 1.2e-12 1.4e-12 1.6e-12
  375    13    12 1.4e-12 2.5e-12 3.2e-12 3.7e-12 4.0e-12
  376    14    12 1.3e-11 1.7e-11 1.9e-11 2.1e-11 2.2e-11
  377    15    12 1.1e-11 1.3e-11 1.4e-11 1.5e-11 1.6e-11
  378    16    12 1.4e-12 2.4e-12 3.2e-12 3.8e-12 4.3e-12
  379    17    12 5.5e-12 6.6e-12 7.3e-12 7.9e-12 8.3e-12
  380    18    12 2.2e-11 2.4e-11 2.5e-11 2.6e-11 2.7e-11
  381    19    12 1.5e-12 2.7e-12 3.7e-12 4.4e-12 4.9e-12
  382    20    12 7.2e-13 1.1e-12 1.5e-12 1.9e-12 2.1e-12
  383    21    12 5.4e-12 5.6e-12 6.0e-12 6.4e-12 6.7e-12
  384    22    12 3.6e-12 3.9e-12 4.3e-12 4.6e-12 4.9e-12
  385    23    12 4.4e-12 4.9e-12 5.5e-12 5.8e-12 6.1e-12
  386    24    12 4.2e-12 3.5e-12 3.7e-12 4.0e-12 4.3e-12
  387    25    12 2.4e-12 2.4e-12 2.7e-12 2.9e-12 3.1e-12
  388    26    12 4.7e-12 5.4e-12 6.1e-12 6.5e-12 6.9e-12
  389    27    12 9.3e-13 1.2e-12 1.5e-12 1.8e-12 2.0e-12
  390    28    12 4.0e-12 5.2e-12 6.2e-12 6.9e-12 7.5e-12
  391    29    12 1.0e-12 9.8e-13 1.1e-12 1.2e-12 1.4e-12
  392    30    12 8.0e-12 5.9e-12 5.8e-12 5.8e-12 6.0e-12
  393    31    12 4.6e-13 7.6e-13 1.1e-12 1.5e-12 1.9e-12
  394    32    12 5.3e-13 7.2e-13 9.8e-13 1.2e-12 1.4e-12
  395    33    12 3.4e-12 3.1e-12 3.3e-12 3.4e-12 3.6e-12
  396    34    12 7.7e-13 9.3e-13 1.1e-12 1.3e-12 1.4e-12
  397    35    12 6.3e-12 4.3e-12 4.0e-12 4.1e-12 4.1e-12
  398    36    12 2.2e-12 2.6e-12 3.2e-12 3.7e-12 4.1e-12
  399    37    12 6.3e-13 4.6e-13 5.6e-13 6.6e-13 7.6e-13
  400    38    12 3.2e-13 2.8e-13 3.5e-13 4.2e-13 4.8e-13
  401    39    12 9.6e-12 6.4e-12 5.9e-12 5.7e-12 5.8e-12
  402    40    12 1.1e-12 1.5e-12 2.1e-12 2.5e-12 3.0e-12
  403    14    13 7.9e-13 1.7e-12 2.6e-12 3.4e-12 4.0e-12
  404    15    13 2.9e-12 4.8e-12 6.1e-12 7.1e-12 7.8e-12
  405    16    13 1.5e-11 1.7e-11 1.8e-11 1.9e-11 1.9e-11
  406    17    13 7.4e-13 1.2e-12 1.6e-12 2.0e-12 2.3e-12
  407    18    13 2.9e-12 3.5e-12 4.0e-12 4.4e-12 4.7e-12
  408    19    13 1.0e-11 1.1e-11 1.2e-11 1.4e-11 1.4e-11
  409    20    13 2.9e-11 3.2e-11 3.4e-11 3.6e-11 3.7e-11
  410    21    13 1.7e-12 2.1e-12 2.5e-12 2.8e-12 3.0e-12
  411    22    13 7.0e-13 7.5e-13 9.7e-13 1.2e-12 1.4e-12
  412    23    13 3.2e-13 5.7e-13 8.5e-13 1.1e-12 1.3e-12
  413    24    13 3.6e-13 5.8e-13 8.3e-13 1.0e-12 1.2e-12
  414    25    13 1.3e-12 9.2e-13 1.0e-12 1.2e-12 1.3e-12
  415    26    13 4.5e-12 4.6e-12 5.2e-12 5.6e-12 6.0e-12
  416    27    13 1.5e-11 1.4e-11 1.4e-11 1.4e-11 1.5e-11
  417    28    13 4.5e-12 3.5e-12 3.5e-12 3.5e-12 3.7e-12
  418    29    13 8.7e-13 9.0e-13 1.1e-12 1.2e-12 1.4e-12
  419    30    13 5.5e-13 5.9e-13 7.9e-13 9.9e-13 1.2e-12
  420    31    13 7.5e-12 7.9e-12 8.7e-12 9.3e-12 9.8e-12
  421    32    13 1.5e-12 2.3e-12 2.9e-12 3.5e-12 3.9e-12
  422    33    13 2.3e-12 1.8e-12 1.8e-12 1.9e-12 2.0e-12
  423    34    13 2.1e-12 1.5e-12 1.5e-12 1.6e-12 1.7e-12
  424    35    13 1.4e-12 1.1e-12 1.2e-12 1.5e-12 1.7e-12
  425    36    13 1.7e-12 1.8e-12 2.1e-12 2.4e-12 2.7e-12
  426    37    13 1.6e-11 1.3e-11 1.3e-11 1.4e-11 1.4e-11
  427    38    13 2.9e-13 2.1e-13 2.4e-13 2.9e-13 3.5e-13
  428    39    13 3.5e-12 2.6e-12 2.6e-12 2.8e-12 3.0e-12
  429    40    13 9.1e-12 7.2e-12 7.2e-12 7.3e-12 7.5e-12
  430    15    14 6.2e-12 8.9e-12 1.0e-11 1.1e-11 1.2e-11
  431    16    14 2.3e-12 2.9e-12 3.3e-12 3.6e-12 3.8e-12
  432    17    14 1.1e-11 1.1e-11 1.2e-11 1.2e-11 1.2e-11
  433    18    14 1.1e-11 1.4e-11 1.6e-11 1.8e-11 1.9e-11
  434    19    14 2.4e-11 2.6e-11 2.7e-11 2.9e-11 3.0e-11
  435    20    14 1.1e-12 1.4e-12 1.6e-12 1.8e-12 2.0e-12
  436    21    14 5.1e-12 7.0e-12 8.4e-12 9.3e-12 1.0e-11
  437    22    14 2.2e-12 3.0e-12 3.7e-12 4.2e-12 4.6e-12
  438    23    14 2.4e-12 3.3e-12 4.0e-12 4.5e-12 4.9e-12
  439    24    14 2.9e-12 3.2e-12 3.7e-12 4.0e-12 4.3e-12
  440    25    14 3.0e-12 2.9e-12 3.1e-12 3.3e-12 3.5e-12
  441    26    14 7.5e-12 6.8e-12 6.8e-12 6.9e-12 6.9e-12
  442    27    14 2.4e-12 3.4e-12 4.1e-12 4.7e-12 5.1e-12
  443    28    14 4.1e-12 5.3e-12 6.2e-12 6.9e-12 7.4e-12
  444    29    14 1.6e-12 1.8e-12 2.0e-12 2.3e-12 2.5e-12
  445    30    14 5.2e-12 4.1e-12 4.1e-12 4.3e-12 4.6e-12
  446    31    14 2.6e-12 3.4e-12 4.2e-12 4.8e-12 5.4e-12
  447    32    14 8.3e-13 9.3e-13 1.1e-12 1.2e-12 1.3e-12
  448    33    14 2.9e-12 3.3e-12 3.9e-12 4.5e-12 5.0e-12
  449    34    14 8.4e-12 6.1e-12 5.8e-12 5.9e-12 6.1e-12
  450    35    14 1.8e-12 1.3e-12 1.3e-12 1.3e-12 1.4e-12
  451    36    14 7.7e-12 6.5e-12 6.6e-12 6.8e-12 6.9e-12
  452    37    14 5.6e-13 8.3e-13 1.2e-12 1.6e-12 1.9e-12
  453    38    14 6.7e-12 4.4e-12 4.2e-12 4.2e-12 4.2e-12
  454    39    14 3.8e-13 4.1e-13 5.0e-13 5.9e-13 6.7e-13
  455    40    14 1.5e-12 2.1e-12 2.7e-12 3.2e-12 3.6e-12
  456    16    15 1.4e-12 2.4e-12 3.2e-12 3.7e-12 4.1e-12
  457    17    15 9.5e-12 1.3e-11 1.5e-11 1.6e-11 1.7e-11
  458    18    15 1.2e-11 1.3e-11 1.4e-11 1.5e-11 1.6e-11
  459    19    15 5.3e-12 6.3e-12 6.9e-12 7.3e-12 7.6e-12
  460    20    15 1.5e-12 2.2e-12 2.9e-12 3.5e-12 4.0e-12
  461    21    15 2.7e-11 2.8e-11 2.9e-11 3.0e-11 3.0e-11
  462    22    15 2.7e-12 3.8e-12 4.7e-12 5.3e-12 5.7e-12
  463    23    15 2.2e-12 3.2e-12 4.0e-12 4.6e-12 5.1e-12
  464    24    15 2.8e-12 2.7e-12 2.9e-12 3.1e-12 3.3e-12
  465    25    15 2.9e-12 3.2e-12 3.6e-12 3.9e-12 4.2e-12
  466    26    15 1.3e-12 2.4e-12 3.3e-12 4.0e-12 4.6e-12
  467    27    15 7.6e-13 1.1e-12 1.5e-12 1.9e-12 2.2e-12
  468    28    15 7.2e-12 6.9e-12 7.1e-12 7.4e-12 7.7e-12
  469    29    15 4.7e-12 3.6e-12 3.7e-12 3.9e-12 4.1e-12
  470    30    15 1.5e-12 1.6e-12 1.9e-12 2.1e-12 2.3e-12
  471    31    15 5.0e-12 5.4e-12 6.0e-12 6.4e-12 6.6e-12
  472    32    15 1.2e-12 1.4e-12 1.6e-12 1.8e-12 2.0e-12
  473    33    15 6.0e-12 6.7e-12 7.5e-12 8.1e-12 8.6e-12
  474    34    15 1.9e-12 1.4e-12 1.3e-12 1.4e-12 1.4e-12
  475    35    15 7.9e-12 5.7e-12 5.5e-12 5.6e-12 5.7e-12
  476    36    15 6.3e-13 9.5e-13 1.4e-12 1.8e-12 2.2e-12
  477    37    15 6.1e-13 7.2e-13 9.6e-13 1.2e-12 1.4e-12
  478    38    15 7.8e-13 7.3e-13 8.3e-13 9.4e-13 1.0e-12
  479    39    15 6.5e-12 4.2e-12 3.9e-12 3.9e-12 4.0e-12
  480    40    15 5.1e-12 4.2e-12 4.2e-12 4.4e-12 4.5e-12
  481    17    16 5.6e-13 1.3e-12 2.0e-12 2.6e-12 3.1e-12
  482    18    16 2.5e-12 4.4e-12 5.7e-12 6.7e-12 7.5e-12
  483    19    16 6.4e-13 9.9e-13 1.3e-12 1.6e-12 1.8e-12
  484    20    16 1.6e-11 1.7e-11 1.8e-11 1.8e-11 1.9e-11
  485    21    16 2.9e-12 3.5e-12 4.0e-12 4.4e-12 4.9e-12
  486    22    16 2.0e-13 4.3e-13 7.1e-13 9.7e-13 1.2e-12
  487    23    16 7.7e-13 7.5e-13 9.3e-13 1.1e-12 1.3e-12
  488    24    16 5.9e-13 6.3e-13 8.3e-13 1.0e-12 1.3e-12
  489    25    16 2.7e-13 4.4e-13 6.4e-13 8.3e-13 1.0e-12
  490    26    16 1.1e-11 1.2e-11 1.3e-11 1.4e-11 1.5e-11
  491    27    16 3.1e-11 3.3e-11 3.5e-11 3.7e-11 3.8e-11
  492    28    16 1.8e-12 2.2e-12 2.6e-12 2.9e-12 3.2e-12
  493    29    16 3.0e-13 5.3e-13 7.9e-13 1.0e-12 1.2e-12
  494    30    16 7.8e-13 6.5e-13 7.4e-13 8.8e-13 1.0e-12
  495    31    16 4.7e-12 4.6e-12 5.1e-12 5.5e-12 5.9e-12
  496    32    16 1.8e-11 1.6e-11 1.5e-11 1.5e-11 1.5e-11
  497    33    16 4.6e-12 3.4e-12 3.3e-12 3.4e-12 3.6e-12
  498    34    16 1.2e-12 1.2e-12 1.4e-12 1.6e-12 1.7e-12
  499    35    16 6.2e-13 5.7e-13 6.9e-13 8.4e-13 1.0e-12
  500    36    16 8.9e-12 8.8e-12 9.5e-12 1.0e-11 1.1e-11
  501    37    16 1.5e-12 2.2e-12 2.8e-12 3.3e-12 3.6e-12
  502    38    16 2.6e-12 1.9e-12 1.9e-12 2.0e-12 2.1e-12
  503    39    16 1.0e-12 7.8e-13 9.5e-13 1.2e-12 1.4e-12
  504    40    16 2.4e-12 1.7e-12 1.7e-12 1.7e-12 1.8e-12
  505    18    17 5.2e-12 7.8e-12 9.3e-12 1.0e-11 1.1e-11
  506    19    17 1.2e-11 1.2e-11 1.3e-11 1.3e-11 1.3e-11
  507    20    17 2.7e-12 3.4e-12 3.9e-12 4.2e-12 4.4e-12
  508    21    17 9.9e-12 1.2e-11 1.4e-11 1.5e-11 1.5e-11
  509    22    17 1.1e-12 2.0e-12 2.8e-12 3.4e-12 3.8e-12
  510    23    17 1.1e-12 2.0e-12 2.8e-12 3.4e-12 3.9e-12
  511    24    17 2.0e-12 2.4e-12 2.8e-12 3.2e-12 3.5e-12
  512    25    17 2.2e-12 2.9e-12 3.4e-12 3.8e-12 4.1e-12
  513    26    17 2.8e-11 2.9e-11 3.0e-11 3.1e-11 3.2e-11
  514    27    17 1.1e-12 1.3e-12 1.5e-12 1.6e-12 1.7e-12
  515    28    17 4.8e-12 6.5e-12 7.8e-12 8.8e-12 9.5e-12
  516    29    17 2.4e-12 2.6e-12 2.9e-12 3.3e-12 3.6e-12
  517    30    17 2.8e-12 2.7e-12 2.9e-12 3.1e-12 3.3e-12
  518    31    17 9.5e-12 8.0e-12 7.7e-12 7.7e-12 7.7e-12
  519    32    17 2.9e-12 3.8e-12 4.6e-12 5.3e-12 5.7e-12
  520    33    17 4.9e-12 5.7e-12 6.4e-12 6.9e-12 7.3e-12
  521    34    17 8.6e-13 1.1e-12 1.3e-12 1.5e-12 1.7e-12
  522    35    17 6.1e-12 4.6e-12 4.5e-12 4.6e-12 4.7e-12
  523    36    17 3.3e-12 3.9e-12 4.6e-12 5.1e-12 5.5e-12
  524    37    17 1.1e-12 1.1e-12 1.2e-12 1.3e-12 1.4e-12
  525    38    17 8.3e-12 5.8e-12 5.5e-12 5.6e-12 5.8e-12
  526    39    17 2.9e-12 1.9e-12 1.8e-12 1.8e-12 1.8e-12
  527    40    17 3.0e-12 3.0e-12 3.6e-12 4.1e-12 4.6e-12
  528    19    18 7.1e-12 9.8e-12 1.1e-11 1.3e-11 1.3e-11
  529    20    18 1.3e-12 2.3e-12 3.1e-12 3.6e-12 4.1e-12
  530    21    18 1.4e-11 1.4e-11 1.5e-11 1.6e-11 1.6e-11
  531    22    18 1.1e-12 2.2e-12 3.2e-12 3.9e-12 4.5e-12
  532    23    18 1.2e-12 2.4e-12 3.3e-12 4.0e-12 4.6e-12
  533    24    18 2.3e-12 3.1e-12 3.7e-12 4.1e-12 4.4e-12
  534    25    18 1.9e-12 2.4e-12 2.8e-12 3.1e-12 3.4e-12
  535    26    18 5.1e-12 5.9e-12 6.5e-12 6.9e-12 7.2e-12
  536    27    18 1.4e-12 2.0e-12 2.6e-12 3.1e-12 3.5e-12
  537    28    18 3.3e-11 3.2e-11 3.2e-11 3.3e-11 3.3e-11
  538    29    18 2.6e-12 2.5e-12 2.7e-12 2.9e-12 3.0e-12
  539    30    18 2.3e-12 2.4e-12 2.7e-12 3.1e-12 3.4e-12
  540    31    18 1.2e-12 2.1e-12 3.0e-12 3.7e-12 4.3e-12
  541    32    18 7.7e-13 1.1e-12 1.5e-12 1.8e-12 2.1e-12
  542    33    18 9.4e-12 8.5e-12 8.6e-12 8.8e-12 9.0e-12
  543    34    18 5.5e-12 4.1e-12 4.0e-12 4.2e-12 4.4e-12
  544    35    18 7.6e-13 9.5e-13 1.2e-12 1.4e-12 1.5e-12
  545    36    18 5.4e-12 5.4e-12 5.8e-12 6.2e-12 6.4e-12
  546    37    18 1.5e-12 1.5e-12 1.7e-12 1.8e-12 2.0e-12
  547    38    18 2.9e-12 2.0e-12 1.9e-12 1.9e-12 1.9e-12
  548    39    18 7.5e-12 5.2e-12 5.0e-12 5.0e-12 5.1e-12
  549    40    18 8.5e-12 8.5e-12 9.0e-12 9.4e-12 9.8e-12
  550    20    19 3.8e-13 8.8e-13 1.4e-12 1.8e-12 2.1e-12
  551    21    19 4.3e-12 6.6e-12 8.1e-12 9.2e-12 9.9e-12
  552    22    19 4.3e-13 1.1e-12 1.7e-12 2.3e-12 2.7e-12
  553    23    19 4.5e-13 1.1e-12 1.8e-12 2.3e-12 2.8e-12
  554    24    19 1.1e-12 1.9e-12 2.4e-12 2.9e-12 3.2e-12
  555    25    19 1.1e-12 1.9e-12 2.5e-12 3.0e-12 3.4e-12
  556    26    19 1.3e-11 1.4e-11 1.4e-11 1.4e-11 1.4e-11
  557    27    19 3.1e-12 3.9e-12 4.4e-12 4.7e-12 5.0e-12
  558    28    19 8.9e-12 1.1e-11 1.2e-11 1.3e-11 1.3e-11
  559    29    19 1.9e-12 2.1e-12 2.4e-12 2.7e-12 2.9e-12
  560    30    19 1.9e-12 2.5e-12 3.0e-12 3.3e-12 3.6e-12
  561    31    19 3.2e-11 3.2e-11 3.2e-11 3.3e-11 3.4e-11
  562    32    19 1.2e-12 1.3e-12 1.4e-12 1.5e-12 1.6e-12
  563    33    19 4.4e-12 5.8e-12 7.0e-12 7.9e-12 8.6e-12
  564    34    19 2.2e-12 2.2e-12 2.5e-12 2.7e-12 3.0e-12
  565    35    19 2.6e-12 2.7e-12 2.9e-12 3.1e-12 3.2e-12
  566    36    19 1.2e-11 9.4e-12 8.8e-12 8.7e-12 8.6e-12
  567    37    19 3.4e-12 4.2e-12 5.0e-12 5.6e-12 6.1e-12
  568    38    19 4.7e-13 6.2e-13 8.1e-13 9.6e-13 1.1e-12
  569    39    19 7.1e-12 5.2e-12 5.0e-12 5.1e-12 5.2e-12
  570    40    19 5.8e-12 6.3e-12 6.8e-12 7.2e-12 7.5e-12
  571    21    20 2.2e-12 3.9e-12 5.1e-12 6.1e-12 6.9e-12
  572    22    20 6.4e-13 6.5e-13 7.9e-13 9.8e-13 1.2e-12
  573    23    20 1.1e-13 2.9e-13 5.2e-13 7.6e-13 9.9e-13
  574    24    20 1.7e-13 3.3e-13 5.3e-13 7.2e-13 9.0e-13
  575    25    20 2.1e-13 3.7e-13 5.7e-13 7.7e-13 9.7e-13
  576    26    20 6.2e-13 9.2e-13 1.2e-12 1.4e-12 1.7e-12
  577    27    20 1.6e-11 1.7e-11 1.8e-11 1.8e-11 1.9e-11
  578    28    20 2.7e-12 3.3e-12 3.8e-12 4.2e-12 4.7e-12
  579    29    20 6.5e-13 6.3e-13 8.1e-13 1.0e-12 1.2e-12
  580    30    20 2.4e-13 4.2e-13 6.0e-13 7.6e-13 9.1e-13
  581    31    20 1.2e-11 1.2e-11 1.3e-11 1.4e-11 1.5e-11
  582    32    20 3.4e-11 3.5e-11 3.7e-11 3.8e-11 3.9e-11
  583    33    20 1.8e-12 2.1e-12 2.5e-12 2.8e-12 3.1e-12
  584    34    20 2.5e-13 4.8e-13 7.5e-13 9.8e-13 1.2e-12
  585    35    20 5.8e-13 5.8e-13 6.8e-13 8.0e-13 9.2e-13
  586    36    20 4.9e-12 4.7e-12 5.0e-12 5.4e-12 5.7e-12
  587    37    20 2.1e-11 1.7e-11 1.6e-11 1.6e-11 1.6e-11
  588    38    20 1.4e-12 1.4e-12 1.6e-12 1.9e-12 2.1e-12
  589    39    20 7.3e-13 6.0e-13 6.7e-13 7.8e-13 8.9e-13
  590    40    20 4.5e-12 3.2e-12 3.1e-12 3.2e-12 3.3e-12
  591    22    21 4.7e-13 1.3e-12 2.0e-12 2.7e-12 3.3e-12
  592    23    21 4.6e-13 1.2e-12 2.1e-12 2.8e-12 3.4e-12
  593    24    21 1.1e-12 2.0e-12 2.6e-12 3.1e-12 3.6e-12
  594    25    21 1.2e-12 2.2e-12 2.9e-12 3.4e-12 3.8e-12
  595    26    21 5.3e-12 7.5e-12 8.8e-12 9.8e-12 1.1e-11
  596    27    21 1.2e-12 2.1e-12 2.8e-12 3.4e-12 3.8e-12
  597    28    21 1.6e-11 1.6e-11 1.7e-11 1.7e-11 1.8e-11
  598    29    21 2.0e-12 2.7e-12 3.1e-12 3.5e-12 3.8e-12
  599    30    21 1.8e-12 2.1e-12 2.3e-12 2.6e-12 2.8e-12
  600    31    21 4.9e-12 5.5e-12 6.0e-12 6.4e-12 6.7e-12
  601    32    21 1.4e-12 1.8e-12 2.3e-12 2.7e-12 3.0e-12
  602    33    21 3.9e-11 3.6e-11 3.6e-11 3.6e-11 3.6e-11
  603    34    21 2.2e-12 2.3e-12 2.5e-12 2.7e-12 2.9e-12
  604    35    21 2.0e-12 2.0e-12 2.2e-12 2.5e-12 2.8e-12
  605    36    21 1.0e-12 1.9e-12 2.7e-12 3.4e-12 3.9e-12
  606    37    21 7.6e-13 1.0e-12 1.3e-12 1.6e-12 1.9e-12
  607    38    21 6.1e-12 4.5e-12 4.4e-12 4.5e-12 4.6e-12
  608    39    21 4.4e-13 5.3e-13 6.8e-13 8.2e-13 9.4e-13
  609    40    21 1.2e-11 1.0e-11 1.0e-11 1.0e-11 1.0e-11
  610    23    22 1.9e-11 2.3e-11 2.5e-11 2.6e-11 2.6e-11
  611    24    22 1.1e-11 1.4e-11 1.6e-11 1.6e-11 1.7e-11
  612    25    22 2.3e-11 3.0e-11 3.4e-11 3.6e-11 3.8e-11
  613    26    22 1.5e-13 4.1e-13 6.9e-13 9.4e-13 1.1e-12
  614    27    22 4.4e-14 1.1e-13 2.0e-13 2.9e-13 3.9e-13
  615    28    22 1.4e-13 4.1e-13 7.3e-13 1.0e-12 1.3e-12
  616    29    22 7.7e-12 1.0e-11 1.2e-11 1.3e-11 1.4e-11
  617    30    22 7.2e-12 9.6e-12 1.1e-11 1.2e-11 1.2e-11
  618    31    22 8.6e-14 1.9e-13 3.3e-13 4.8e-13 6.2e-13
  619    32    22 2.4e-13 1.8e-13 2.1e-13 2.7e-13 3.4e-13
  620    33    22 1.1e-13 2.7e-13 4.6e-13 6.4e-13 8.0e-13
  621    34    22 5.1e-12 6.8e-12 8.1e-12 8.9e-12 9.5e-12
  622    35    22 1.7e-12 2.9e-12 3.9e-12 4.5e-12 5.0e-12
  623    36    22 9.3e-14 2.2e-13 3.9e-13 5.5e-13 7.0e-13
  624    37    22 4.5e-14 5.8e-14 9.8e-14 1.5e-13 2.1e-13
  625    38    22 8.5e-13 1.5e-12 2.1e-12 2.5e-12 2.9e-12
  626    39    22 3.1e-12 4.1e-12 5.0e-12 5.7e-12 6.2e-12
  627    40    22 5.9e-14 1.2e-13 2.3e-13 3.6e-13 4.8e-13
  628    24    23 2.3e-11 3.0e-11 3.4e-11 3.6e-11 3.8e-11
  629    25    23 1.1e-11 1.4e-11 1.6e-11 1.6e-11 1.7e-11
  630    26    23 1.3e-13 3.3e-13 5.7e-13 8.0e-13 1.0e-12
  631    27    23 3.0e-13 2.7e-13 3.1e-13 3.9e-13 4.8e-13
  632    28    23 1.5e-13 4.3e-13 7.3e-13 1.0e-12 1.3e-12
  633    29    23 7.2e-12 9.6e-12 1.1e-11 1.2e-11 1.3e-11
  634    30    23 7.7e-12 1.0e-11 1.2e-11 1.3e-11 1.4e-11
  635    31    23 1.2e-13 3.0e-13 5.1e-13 7.0e-13 8.7e-13
  636    32    23 4.4e-14 7.9e-14 1.4e-13 2.2e-13 2.9e-13
  637    33    23 9.0e-14 2.3e-13 4.3e-13 6.3e-13 8.3e-13
  638    34    23 1.7e-12 2.9e-12 3.8e-12 4.5e-12 4.9e-12
  639    35    23 5.0e-12 6.8e-12 8.0e-12 8.8e-12 9.4e-12
  640    36    23 6.8e-14 1.1e-13 1.9e-13 2.9e-13 3.8e-13
  641    37    23 1.5e-13 1.0e-13 1.3e-13 1.8e-13 2.4e-13
  642    38    23 3.2e-12 4.2e-12 5.1e-12 5.8e-12 6.3e-12
  643    39    23 8.6e-13 1.5e-12 2.1e-12 2.6e-12 3.0e-12
  644    40    23 7.7e-14 1.7e-13 2.8e-13 4.0e-13 5.0e-13
  645    25    24 1.2e-11 1.6e-11 1.8e-11 2.0e-11 2.1e-11
  646    26    24 3.3e-13 7.8e-13 1.2e-12 1.5e-12 1.8e-12
  647    27    24 1.5e-13 1.9e-13 2.8e-13 3.7e-13 4.8e-13
  648    28    24 3.3e-13 8.3e-13 1.3e-12 1.7e-12 2.0e-12
  649    29    24 1.0e-11 1.2e-11 1.4e-11 1.4e-11 1.5e-11
  650    30    24 2.4e-11 2.9e-11 3.2e-11 3.4e-11 3.6e-11
  651    31    24 2.1e-13 4.6e-13 7.1e-13 9.2e-13 1.1e-12
  652    32    24 6.2e-14 1.3e-13 2.2e-13 3.0e-13 3.9e-13
  653    33    24 2.9e-13 6.6e-13 1.0e-12 1.3e-12 1.6e-12
  654    34    24 1.3e-11 1.5e-11 1.7e-11 1.8e-11 1.9e-11
  655    35    24 6.8e-12 7.9e-12 8.7e-12 9.4e-12 9.8e-12
  656    36    24 1.3e-13 2.7e-13 4.5e-13 6.2e-13 7.8e-13
  657    37    24 4.0e-13 2.5e-13 2.6e-13 3.1e-13 3.7e-13
  658    38    24 6.0e-12 6.7e-12 7.3e-12 7.8e-12 8.2e-12
  659    39    24 2.7e-12 4.2e-12 5.4e-12 6.2e-12 6.8e-12
  660    40    24 1.8e-13 3.9e-13 6.3e-13 8.5e-13 1.0e-12
  661    26    25 2.8e-13 6.7e-13 1.0e-12 1.3e-12 1.5e-12
  662    27    25 5.9e-14 1.5e-13 2.5e-13 3.6e-13 4.6e-13
  663    28    25 3.8e-13 9.1e-13 1.4e-12 1.7e-12 2.1e-12
  664    29    25 2.4e-11 2.9e-11 3.2e-11 3.4e-11 3.6e-11
  665    30    25 1.0e-11 1.2e-11 1.4e-11 1.5e-11 1.5e-11
  666    31    25 2.1e-13 4.8e-13 7.5e-13 9.9e-13 1.2e-12
  667    32    25 3.2e-13 2.6e-13 3.0e-13 3.8e-13 4.6e-13
  668    33    25 2.4e-13 5.8e-13 9.2e-13 1.2e-12 1.5e-12
  669    34    25 6.8e-12 7.9e-12 8.7e-12 9.3e-12 9.8e-12
  670    35    25 1.3e-11 1.5e-11 1.7e-11 1.8e-11 1.9e-11
  671    36    25 1.7e-13 3.4e-13 5.1e-13 6.7e-13 8.0e-13
  672    37    25 6.2e-14 1.0e-13 1.7e-13 2.4e-13 3.1e-13
  673    38    25 2.7e-12 4.2e-12 5.4e-12 6.2e-12 6.9e-12
  674    39    25 6.0e-12 6.7e-12 7.4e-12 7.8e-12 8.2e-12
  675    40    25 2.2e-13 4.3e-13 7.0e-13 9.4e-13 1.2e-12
  676    27    26 3.3e-13 7.7e-13 1.2e-12 1.5e-12 1.8e-12
  677    28    26 3.5e-12 5.6e-12 6.9e-12 7.9e-12 8.6e-12
  678    29    26 1.1e-12 1.7e-12 2.2e-12 2.5e-12 2.8e-12
  679    30    26 1.0e-12 1.7e-12 2.3e-12 2.7e-12 3.0e-12
  680    31    26 1.5e-11 1.5e-11 1.5e-11 1.5e-11 1.5e-11
  681    32    26 3.4e-12 4.2e-12 4.7e-12 5.1e-12 5.4e-12
  682    33    26 8.4e-12 9.6e-12 1.1e-11 1.1e-11 1.2e-11
  683    34    26 1.9e-12 2.1e-12 2.3e-12 2.5e-12 2.7e-12
  684    35    26 1.6e-12 2.3e-12 2.7e-12 3.1e-12 3.3e-12
  685    36    26 3.6e-11 3.4e-11 3.4e-11 3.5e-11 3.5e-11
  686    37    26 1.3e-12 1.4e-12 1.4e-12 1.5e-12 1.6e-12
  687    38    26 2.1e-12 2.0e-12 2.2e-12 2.4e-12 2.6e-12
  688    39    26 2.3e-12 2.5e-12 2.8e-12 3.0e-12 3.2e-12
  689    40    26 4.1e-12 5.2e-12 6.2e-12 6.9e-12 7.5e-12
  690    28    27 1.8e-12 3.3e-12 4.5e-12 5.4e-12 6.1e-12
  691    29    27 1.5e-13 2.8e-13 4.4e-13 5.9e-13 7.4e-13
  692    30    27 2.5e-13 3.9e-13 5.9e-13 7.8e-13 9.6e-13
  693    31    27 6.3e-13 9.0e-13 1.1e-12 1.4e-12 1.5e-12
  694    32    27 1.7e-11 1.7e-11 1.8e-11 1.8e-11 1.9e-11
  695    33    27 2.4e-12 2.9e-12 3.4e-12 3.9e-12 4.3e-12
  696    34    27 5.4e-13 5.4e-13 7.0e-13 8.9e-13 1.1e-12
  697    35    27 2.2e-13 4.2e-13 6.1e-13 7.7e-13 9.2e-13
  698    36    27 1.3e-11 1.3e-11 1.4e-11 1.5e-11 1.6e-11
  699    37    27 3.7e-11 3.7e-11 3.8e-11 3.9e-11 4.0e-11
  700    38    27 2.3e-13 4.4e-13 6.9e-13 9.1e-13 1.1e-12
  701    39    27 6.0e-13 6.6e-13 7.6e-13 8.6e-13 9.6e-13
  702    40    27 1.7e-12 2.0e-12 2.3e-12 2.6e-12 2.8e-12
  703    29    28 9.7e-13 1.7e-12 2.3e-12 2.7e-12 3.1e-12
  704    30    28 1.1e-12 2.0e-12 2.6e-12 3.1e-12 3.4e-12
  705    31    28 3.9e-12 5.7e-12 6.9e-12 7.7e-12 8.4e-12
  706    32    28 1.0e-12 1.8e-12 2.5e-12 3.0e-12 3.4e-12
  707    33    28 1.8e-11 1.8e-11 1.8e-11 1.9e-11 1.9e-11
  708    34    28 1.7e-12 2.3e-12 2.8e-12 3.1e-12 3.4e-12
  709    35    28 1.7e-12 2.0e-12 2.2e-12 2.4e-12 2.6e-12
  710    36    28 4.8e-12 5.2e-12 5.6e-12 5.9e-12 6.1e-12
  711    37    28 1.3e-12 1.6e-12 2.0e-12 2.3e-12 2.6e-12
  712    38    28 1.9e-12 2.0e-12 2.2e-12 2.4e-12 2.6e-12
  713    39    28 1.9e-12 1.8e-12 2.0e-12 2.2e-12 2.5e-12
  714    40    28 4.5e-11 3.9e-11 3.9e-11 3.9e-11 3.9e-11
  715    30    29 9.5e-12 1.2e-11 1.4e-11 1.5e-11 1.6e-11
  716    31    29 4.6e-13 9.6e-13 1.4e-12 1.7e-12 1.9e-12
  717    32    29 9.7e-14 1.6e-13 2.4e-13 3.3e-13 4.3e-13
  718    33    29 4.4e-13 9.5e-13 1.4e-12 1.8e-12 2.1e-12
  719    34    29 1.1e-11 1.2e-11 1.3e-11 1.4e-11 1.4e-11
  720    35    29 2.2e-11 2.7e-11 3.0e-11 3.1e-11 3.3e-11
  721    36    29 2.8e-13 5.3e-13 7.6e-13 9.4e-13 1.1e-12
  722    37    29 8.0e-14 1.5e-13 2.4e-13 3.3e-13 4.0e-13
  723    38    29 1.8e-11 1.9e-11 2.0e-11 2.1e-11 2.2e-11
  724    39    29 7.1e-12 7.8e-12 8.4e-12 8.8e-12 9.2e-12
  725    40    29 4.7e-13 8.9e-13 1.3e-12 1.6e-12 1.9e-12
  726    31    30 3.6e-13 7.3e-13 1.0e-12 1.3e-12 1.5e-12
  727    32    30 7.2e-14 1.6e-13 2.6e-13 3.7e-13 4.6e-13
  728    33    30 5.2e-13 1.1e-12 1.6e-12 1.9e-12 2.2e-12
  729    34    30 2.2e-11 2.7e-11 3.0e-11 3.2e-11 3.3e-11
  730    35    30 1.1e-11 1.2e-11 1.3e-11 1.4e-11 1.4e-11
  731    36    30 3.4e-13 6.5e-13 9.4e-13 1.2e-12 1.4e-12
  732    37    30 3.0e-13 2.4e-13 2.8e-13 3.4e-13 4.2e-13
  733    38    30 7.1e-12 7.7e-12 8.3e-12 8.7e-12 9.0e-12
  734    39    30 1.8e-11 1.9e-11 2.0e-11 2.1e-11 2.2e-11
  735    40    30 3.3e-13 7.2e-13 1.1e-12 1.4e-12 1.7e-12
  736    32    31 3.0e-13 7.0e-13 1.1e-12 1.4e-12 1.7e-12
  737    33    31 2.9e-12 4.6e-12 5.8e-12 6.6e-12 7.2e-12
  738    34    31 9.8e-13 1.6e-12 2.1e-12 2.4e-12 2.6e-12
  739    35    31 9.0e-13 1.5e-12 2.0e-12 2.4e-12 2.7e-12
  740    36    31 1.6e-11 1.6e-11 1.6e-11 1.6e-11 1.7e-11
  741    37    31 3.7e-12 4.5e-12 5.0e-12 5.4e-12 5.7e-12
  742    38    31 1.9e-12 2.2e-12 2.4e-12 2.5e-12 2.7e-12
  743    39    31 1.4e-12 2.0e-12 2.5e-12 2.9e-12 3.2e-12
  744    40    31 8.1e-12 8.9e-12 9.7e-12 1.0e-11 1.1e-11
  745    33    32 1.6e-12 2.9e-12 3.9e-12 4.7e-12 5.4e-12
  746    34    32 1.4e-13 2.6e-13 3.9e-13 5.1e-13 6.3e-13
  747    35    32 2.9e-13 4.3e-13 6.4e-13 8.3e-13 1.0e-12
  748    36    32 6.5e-13 9.1e-13 1.1e-12 1.3e-12 1.5e-12
  749    37    32 1.7e-11 1.8e-11 1.8e-11 1.8e-11 1.9e-11
  750    38    32 4.3e-13 4.5e-13 5.9e-13 7.7e-13 9.5e-13
  751    39    32 2.0e-13 4.2e-13 6.3e-13 8.0e-13 9.5e-13
  752    40    32 2.2e-12 2.6e-12 3.0e-12 3.4e-12 3.8e-12
  753    34    33 8.8e-13 1.5e-12 2.0e-12 2.4e-12 2.7e-12
  754    35    33 1.0e-12 1.8e-12 2.4e-12 2.8e-12 3.2e-12
  755    36    33 2.9e-12 4.4e-12 5.4e-12 6.2e-12 6.8e-12
  756    37    33 8.8e-13 1.6e-12 2.1e-12 2.6e-12 2.9e-12
  757    38    33 1.4e-12 2.0e-12 2.5e-12 2.8e-12 3.1e-12
  758    39    33 1.7e-12 1.9e-12 2.1e-12 2.3e-12 2.5e-12
  759    40    33 2.0e-11 2.0e-11 2.0e-11 2.1e-11 2.1e-11
  760    35    34 8.1e-12 1.1e-11 1.2e-11 1.3e-11 1.3e-11
  761    36    34 5.7e-13 1.1e-12 1.5e-12 1.9e-12 2.1e-12
  762    37    34 9.6e-14 1.7e-13 2.5e-13 3.4e-13 4.3e-13
  763    38    34 1.1e-11 1.2e-11 1.3e-11 1.4e-11 1.4e-11
  764    39    34 2.0e-11 2.4e-11 2.7e-11 2.8e-11 3.0e-11
  765    40    34 5.5e-13 1.1e-12 1.5e-12 1.8e-12 2.1e-12
  766    36    35 4.4e-13 8.0e-13 1.1e-12 1.3e-12 1.5e-12
  767    37    35 8.6e-14 1.6e-13 2.6e-13 3.6e-13 4.6e-13
  768    38    35 2.0e-11 2.4e-11 2.7e-11 2.8e-11 3.0e-11
  769    39    35 1.1e-11 1.2e-11 1.3e-11 1.4e-11 1.4e-11
  770    40    35 6.7e-13 1.3e-12 1.7e-12 2.1e-12 2.3e-12
  771    37    36 2.8e-13 6.5e-13 1.0e-12 1.3e-12 1.6e-12
  772    38    36 8.9e-13 1.6e-12 2.0e-12 2.2e-12 2.5e-12
  773    39    36 8.2e-13 1.4e-12 1.8e-12 2.1e-12 2.4e-12
  774    40    36 2.4e-12 3.8e-12 4.8e-12 5.6e-12 6.1e-12
  775    38    37 1.2e-13 2.5e-13 3.8e-13 4.9e-13 5.9e-13
  776    39    37 2.9e-13 4.4e-13 6.5e-13 8.5e-13 1.0e-12
  777    40    37 1.3e-12 2.5e-12 3.4e-12 4.1e-12 4.7e-12
  778    39    38 7.4e-12 9.8e-12 1.1e-11 1.2e-11 1.2e-11
  779    40    38 6.5e-13 1.1e-12 1.4e-12 1.7e-12 1.9e-12
  780    40    39 7.6e-13 1.4e-12 1.8e-12 2.1e-12 2.4e-12
! Notes
! E-levels and A-coeff from Chandra & Rashmi (1998)
! Freq's not of spectroscopic accuracy
