!MOLECULE
SiS
!MOLECULAR WEIGHT
60.1
!NUMBER OF ENERGY LEVELS
41
!LEVEL + ENERGIES(cm^-1) + WEIGHT + J
    1        0.0000     1.0     0
    2        0.6056     3.0     1
    3        1.8167     5.0     2
    4        3.6335     7.0     3
    5        6.0557     9.0     4
    6        9.0836    11.0     5
    7       12.7169    13.0     6
    8       16.9557    15.0     7
    9       21.7999    17.0     8
   10       27.2496    19.0     9
   11       33.3046    21.0    10
   12       39.9650    23.0    11
   13       47.2306    25.0    12
   14       55.1014    27.0    13
   15       63.5773    29.0    14
   16       72.6584    31.0    15
   17       82.3444    33.0    16
   18       92.6354    35.0    17
   19      103.5312    37.0    18
   20      115.0318    39.0    19
   21      127.1370    41.0    20
   22      139.8468    43.0    21
   23      153.1611    45.0    22
   24      167.0798    47.0    23
   25      181.6027    49.0    24
   26      196.7297    51.0    25
   27      212.4608    53.0    26
   28      228.7958    55.0    27
   29      245.7345    57.0    28
   30      263.2769    59.0    29
   31      281.4227    61.0    30
   32      300.1719    63.0    31
   33      319.5243    65.0    32
   34      339.4798    67.0    33
   35      360.0381    69.0    34
   36      381.1992    71.0    35
   37      402.9628    73.0    36
   38      425.3288    75.0    37
   39      448.2969    77.0    38
   40      471.8672    79.0    39
   41      496.0392    81.0    40
!NUMBER OF RADIATIVE TRANSITIONS
40
!TRANS + UP + LOW + EINSTEINA(s^-1) + FREQ(GHz) + E_u(K)
    1     2     1   6.9495e-08      18.1548810      0.87
    2     3     2   6.6715e-07      36.3096310      2.61
    3     4     3   2.4123e-06      54.4640810      5.23
    4     5     4   5.9298e-06      72.6181035      8.71
    5     6     5   1.1843e-05      90.7715501     13.07
    6     7     6   2.0779e-05     108.9242772     18.30
    7     8     7   3.3367e-05     127.0761410     24.40
    8     9     8   5.0223e-05     145.2269975     31.37
    9    10     9   7.1971e-05     163.3767028     39.21
   10    11    10   9.9247e-05     181.5251131     47.92
   11    12    11   1.3266e-04     199.6720843     57.50
   12    13    12   1.7282e-04     217.8174727     67.95
   13    14    13   2.2038e-04     235.9611344     79.28
   14    15    14   2.7595e-04     254.1029254     91.47
   15    16    15   3.4016e-04     272.2427018    104.54
   16    17    16   4.1361e-04     290.3803198    118.47
   17    18    17   4.9698e-04     308.5156354    133.28
   18    19    18   5.9071e-04     326.6485047    148.96
   19    20    19   6.9564e-04     344.7787840    165.50
   20    21    20   8.1227e-04     362.9063292    182.92
   21    22    21   9.4127e-04     381.0309964    201.21
   22    23    22   1.0833e-03     399.1526418    220.36
   23    24    23   1.2388e-03     417.2711215    240.39
   24    25    24   1.4085e-03     435.3862915    261.28
   25    26    25   1.5928e-03     453.4980080    283.05
   26    27    26   1.7926e-03     471.6061271    305.68
   27    28    27   2.0089e-03     489.7105049    329.18
   28    29    28   2.2410e-03     507.8109974    353.55
   29    30    29   2.4910e-03     525.9074609    378.79
   30    31    30   2.7583e-03     543.9997513    404.90
   31    32    31   3.0447e-03     562.0877248    431.88
   32    33    32   3.3496e-03     580.1712375    459.72
   33    34    33   3.6744e-03     598.2501455    488.43
   34    35    34   4.0190e-03     616.3243049    518.01
   35    36    35   4.3853e-03     634.3935718    548.46
   36    37    36   4.7722e-03     652.4578024    579.77
   37    38    37   5.1819e-03     670.5168526    611.95
   38    39    38   5.6130e-03     688.5705786    644.99
   39    40    39   6.0681e-03     706.6188366    678.91
   40    41    40   6.5471e-03     724.6614825    713.68
!NUMBER OF COLL PARTNERS
1
!COLLISIONS BETWEEN
1 SiS-H2 adopted SiO-H2 rates
!NUMBER OF COLL TRANS
820
!NUMBER OF COLL TEMPS
11
!COLL TEMPS
   20.0   40.0   70.0  100.0  150.0  200.0  250.0  300.0  500.0 1000.0 2000.0
!TRANS + UP + LOW + COLLRATES(cm^3 s^-1)
    1     2     1  3.7e-11 2.9e-11 2.3e-11 1.9e-11 1.6e-11 1.4e-11 1.3e-11 1.2e-11 1.2e-11 1.3e-11 1.3e-11
    2     3     1  2.1e-11 3.6e-11 4.6e-11 5.1e-11 5.4e-11 5.5e-11 5.6e-11 5.6e-11 6.2e-11 7.2e-11 8.1e-11
    3     3     2  4.0e-11 3.9e-11 3.3e-11 2.9e-11 2.5e-11 2.3e-11 2.1e-11 2.0e-11 2.1e-11 2.2e-11 2.3e-11
    4     4     1  3.4e-12 3.5e-12 3.3e-12 3.3e-12 3.3e-12 3.4e-12 3.4e-12 3.4e-12 4.3e-12 5.6e-12 7.1e-12
    5     4     2  3.6e-11 5.4e-11 7.1e-11 8.0e-11 8.8e-11 9.2e-11 9.4e-11 9.6e-11 1.1e-10 1.3e-10 1.4e-10
    6     4     3  5.5e-11 4.6e-11 3.7e-11 3.2e-11 2.7e-11 2.5e-11 2.4e-11 2.3e-11 2.4e-11 2.6e-11 2.7e-11
    7     5     1  2.1e-12 4.0e-12 6.6e-12 8.7e-12 1.1e-11 1.3e-11 1.4e-11 1.5e-11 1.8e-11 2.4e-11 3.1e-11
    8     5     2  3.3e-12 4.2e-12 4.6e-12 5.0e-12 5.5e-12 6.0e-12 6.3e-12 6.6e-12 8.3e-12 1.1e-11 1.4e-11
    9     5     3  3.8e-11 5.8e-11 7.6e-11 8.7e-11 9.7e-11 1.0e-10 1.1e-10 1.1e-10 1.2e-10 1.5e-10 1.7e-10
   10     5     4  2.9e-11 2.9e-11 2.7e-11 2.6e-11 2.5e-11 2.4e-11 2.4e-11 2.4e-11 2.6e-11 2.8e-11 2.9e-11
   11     6     1  2.2e-13 3.0e-13 4.1e-13 5.4e-13 7.8e-13 9.9e-13 1.2e-12 1.3e-12 1.9e-12 3.0e-12 4.6e-12
   12     6     2  3.7e-12 6.9e-12 1.2e-11 1.6e-11 2.1e-11 2.5e-11 2.8e-11 3.0e-11 3.8e-11 5.1e-11 6.6e-11
   13     6     3  2.4e-12 3.4e-12 4.3e-12 5.1e-12 6.4e-12 7.6e-12 8.5e-12 9.3e-12 1.2e-11 1.6e-11 2.1e-11
   14     6     4  4.4e-11 6.2e-11 7.9e-11 9.0e-11 1.0e-10 1.1e-10 1.1e-10 1.2e-10 1.3e-10 1.5e-10 1.8e-10
   15     6     5  2.8e-11 3.1e-11 2.9e-11 2.7e-11 2.5e-11 2.5e-11 2.5e-11 2.5e-11 2.7e-11 2.9e-11 3.1e-11
   16     7     1  3.5e-13 6.9e-13 1.4e-12 2.2e-12 3.5e-12 4.6e-12 5.4e-12 6.2e-12 9.2e-12 1.5e-11 2.4e-11
   17     7     2  4.7e-13 5.2e-13 7.8e-13 1.2e-12 2.0e-12 2.7e-12 3.4e-12 3.9e-12 5.7e-12 9.1e-12 1.4e-11
   18     7     3  5.3e-12 8.7e-12 1.4e-11 1.8e-11 2.4e-11 2.9e-11 3.3e-11 3.6e-11 4.5e-11 6.1e-11 8.1e-11
   19     7     4  2.9e-12 3.4e-12 4.2e-12 5.1e-12 6.6e-12 8.0e-12 9.3e-12 1.0e-11 1.3e-11 1.8e-11 2.4e-11
   20     7     5  5.5e-11 7.0e-11 8.5e-11 9.4e-11 1.0e-10 1.1e-10 1.1e-10 1.2e-10 1.3e-10 1.6e-10 1.8e-10
   21     7     6  2.8e-11 3.0e-11 2.8e-11 2.6e-11 2.5e-11 2.4e-11 2.4e-11 2.5e-11 2.7e-11 2.9e-11 3.1e-11
   22     8     1  7.6e-14 9.0e-14 1.8e-13 3.1e-13 5.9e-13 8.6e-13 1.1e-12 1.3e-12 2.3e-12 4.6e-12 8.7e-12
   23     8     2  7.8e-13 1.3e-12 2.5e-12 3.9e-12 6.4e-12 8.6e-12 1.1e-11 1.2e-11 1.8e-11 3.1e-11 5.0e-11
   24     8     3  6.3e-13 6.4e-13 9.3e-13 1.4e-12 2.4e-12 3.5e-12 4.4e-12 5.3e-12 7.7e-12 1.3e-11 2.0e-11
   25     8     4  7.1e-12 1.1e-11 1.6e-11 2.1e-11 2.7e-11 3.2e-11 3.5e-11 3.8e-11 4.9e-11 6.6e-11 8.9e-11
   26     8     5  2.9e-12 3.3e-12 4.1e-12 5.0e-12 6.6e-12 8.1e-12 9.4e-12 1.1e-11 1.3e-11 1.8e-11 2.4e-11
   27     8     6  6.4e-11 7.7e-11 8.9e-11 9.7e-11 1.0e-10 1.1e-10 1.2e-10 1.2e-10 1.3e-10 1.6e-10 1.9e-10
   28     8     7  2.3e-11 2.5e-11 2.5e-11 2.4e-11 2.3e-11 2.3e-11 2.4e-11 2.4e-11 2.6e-11 2.9e-11 3.0e-11
   29     9     1  8.0e-14 1.0e-13 2.0e-13 3.8e-13 8.1e-13 1.3e-12 1.8e-12 2.2e-12 4.2e-12 9.4e-12 2.0e-11
   30     9     2  1.6e-13 1.9e-13 3.4e-13 6.1e-13 1.2e-12 1.8e-12 2.5e-12 3.0e-12 5.2e-12 1.1e-11 2.1e-11
   31     9     3  1.3e-12 1.9e-12 3.2e-12 4.8e-12 7.7e-12 1.0e-11 1.3e-11 1.5e-11 2.2e-11 3.8e-11 6.2e-11
   32     9     4  7.1e-13 7.1e-13 1.0e-12 1.5e-12 2.6e-12 3.8e-12 4.8e-12 5.9e-12 8.5e-12 1.4e-11 2.2e-11
   33     9     5  9.9e-12 1.3e-11 1.8e-11 2.3e-11 2.9e-11 3.4e-11 3.7e-11 4.1e-11 5.1e-11 7.0e-11 9.4e-11
   34     9     6  3.0e-12 3.2e-12 4.0e-12 5.0e-12 6.6e-12 8.1e-12 9.5e-12 1.1e-11 1.4e-11 1.9e-11 2.5e-11
   35     9     7  7.5e-11 8.3e-11 9.3e-11 1.0e-10 1.1e-10 1.1e-10 1.2e-10 1.2e-10 1.4e-10 1.6e-10 1.9e-10
   36     9     8  1.5e-11 2.0e-11 2.2e-11 2.2e-11 2.2e-11 2.2e-11 2.3e-11 2.3e-11 2.5e-11 2.8e-11 3.0e-11
   37    10     1  3.0e-14 3.4e-14 5.3e-14 9.7e-14 2.2e-13 3.9e-13 5.6e-13 7.3e-13 1.5e-12 4.0e-12 9.7e-12
   38    10     2  1.7e-13 2.1e-13 3.8e-13 6.9e-13 1.5e-12 2.4e-12 3.4e-12 4.3e-12 8.1e-12 1.9e-11 4.0e-11
   39    10     3  2.8e-13 3.0e-13 4.8e-13 7.9e-13 1.5e-12 2.3e-12 3.1e-12 3.9e-12 6.7e-12 1.4e-11 2.7e-11
   40    10     4  1.8e-12 2.5e-12 4.0e-12 5.8e-12 8.8e-12 1.2e-11 1.4e-11 1.6e-11 2.5e-11 4.2e-11 7.0e-11
   41    10     5  1.0e-12 9.6e-13 1.2e-12 1.8e-12 2.9e-12 4.0e-12 5.2e-12 6.2e-12 9.1e-12 1.5e-11 2.4e-11
   42    10     6  1.3e-11 1.6e-11 2.1e-11 2.5e-11 3.2e-11 3.6e-11 4.0e-11 4.3e-11 5.4e-11 7.4e-11 1.0e-10
   43    10     7  3.5e-12 3.5e-12 4.2e-12 5.1e-12 6.7e-12 8.2e-12 9.6e-12 1.1e-11 1.4e-11 1.9e-11 2.5e-11
   44    10     8  8.8e-11 9.3e-11 9.9e-11 1.0e-10 1.1e-10 1.1e-10 1.2e-10 1.2e-10 1.4e-10 1.6e-10 1.9e-10
   45    10     9  1.5e-11 1.9e-11 2.1e-11 2.1e-11 2.2e-11 2.2e-11 2.2e-11 2.3e-11 2.5e-11 2.8e-11 3.0e-11
   46    11     1  3.2e-14 3.2e-14 4.0e-14 6.6e-14 1.6e-13 3.1e-13 4.9e-13 6.9e-13 1.5e-12 4.1e-12 1.1e-11
   47    11     2  6.1e-14 7.9e-14 1.2e-13 2.0e-13 4.5e-13 8.0e-13 1.2e-12 1.6e-12 3.3e-12 8.9e-12 2.2e-11
   48    11     3  2.3e-13 3.1e-13 5.2e-13 9.0e-13 1.8e-12 2.9e-12 4.1e-12 5.2e-12 9.9e-12 2.3e-11 5.0e-11
   49    11     4  3.3e-13 4.0e-13 6.2e-13 9.7e-13 1.8e-12 2.6e-12 3.5e-12 4.4e-12 7.6e-12 1.6e-11 3.2e-11
   50    11     5  2.2e-12 3.2e-12 4.8e-12 6.7e-12 9.9e-12 1.3e-11 1.5e-11 1.8e-11 2.6e-11 4.6e-11 7.6e-11
   51    11     6  9.4e-13 1.0e-12 1.4e-12 2.0e-12 3.1e-12 4.3e-12 5.4e-12 6.5e-12 9.4e-12 1.6e-11 2.5e-11
   52    11     7  1.4e-11 1.8e-11 2.3e-11 2.8e-11 3.4e-11 3.8e-11 4.2e-11 4.4e-11 5.6e-11 7.7e-11 1.0e-10
   53    11     8  3.3e-12 3.7e-12 4.4e-12 5.3e-12 6.9e-12 8.4e-12 9.7e-12 1.1e-11 1.4e-11 1.9e-11 2.6e-11
   54    11     9  8.2e-11 9.6e-11 1.0e-10 1.1e-10 1.1e-10 1.2e-10 1.2e-10 1.2e-10 1.4e-10 1.7e-10 2.0e-10
   55    11    10  1.3e-11 1.8e-11 2.0e-11 2.0e-11 2.1e-11 2.1e-11 2.2e-11 2.3e-11 2.5e-11 2.7e-11 2.9e-11
   56    12     1  1.1e-14 1.4e-14 1.9e-14 3.1e-14 7.4e-14 1.5e-13 2.4e-13 3.5e-13 8.1e-13 2.5e-12 7.4e-12
   57    12     2  8.5e-14 8.8e-14 9.7e-14 1.4e-13 3.0e-13 5.7e-13 9.2e-13 1.3e-12 2.8e-12 7.9e-12 2.1e-11
   58    12     3  1.1e-13 1.3e-13 1.8e-13 3.0e-13 6.1e-13 1.1e-12 1.6e-12 2.1e-12 4.4e-12 1.2e-11 2.9e-11
   59    12     4  2.8e-13 3.9e-13 6.5e-13 1.1e-12 2.1e-12 3.4e-12 4.6e-12 5.9e-12 1.1e-11 2.6e-11 5.8e-11
   60    12     5  3.7e-13 4.6e-13 7.1e-13 1.1e-12 2.0e-12 2.9e-12 3.8e-12 4.8e-12 8.2e-12 1.7e-11 3.5e-11
   61    12     6  2.7e-12 3.8e-12 5.6e-12 7.6e-12 1.1e-11 1.4e-11 1.7e-11 1.9e-11 2.8e-11 4.9e-11 8.2e-11
   62    12     7  1.1e-12 1.2e-12 1.5e-12 2.1e-12 3.3e-12 4.5e-12 5.7e-12 6.7e-12 9.7e-12 1.6e-11 2.6e-11
   63    12     8  1.6e-11 2.1e-11 2.6e-11 3.0e-11 3.6e-11 4.0e-11 4.3e-11 4.6e-11 5.8e-11 8.0e-11 1.1e-10
   64    12     9  3.9e-12 4.1e-12 4.7e-12 5.5e-12 7.1e-12 8.5e-12 9.8e-12 1.1e-11 1.4e-11 1.9e-11 2.6e-11
   65    12    10  9.3e-11 1.0e-10 1.1e-10 1.1e-10 1.2e-10 1.2e-10 1.2e-10 1.2e-10 1.4e-10 1.7e-10 2.0e-10
   66    12    11  1.2e-11 1.6e-11 1.8e-11 1.9e-11 2.0e-11 2.1e-11 2.1e-11 2.2e-11 2.4e-11 2.7e-11 2.9e-11
   67    13     1  3.1e-14 2.9e-14 2.6e-14 2.5e-14 3.8e-14 7.0e-14 1.2e-13 1.9e-13 3.6e-13 8.7e-13 2.0e-12
   68    13     2  4.4e-14 5.1e-14 6.3e-14 8.9e-14 1.8e-13 3.3e-13 5.3e-13 7.7e-13 1.8e-12 5.6e-12 1.7e-11
   69    13     3  1.3e-13 1.3e-13 1.4e-13 2.0e-13 4.0e-13 7.3e-13 1.1e-12 1.6e-12 3.5e-12 9.8e-12 2.6e-11
   70    13     4  1.4e-13 1.6e-13 2.3e-13 3.7e-13 7.4e-13 1.2e-12 1.8e-12 2.4e-12 5.0e-12 1.3e-11 3.4e-11
   71    13     5  3.5e-13 4.7e-13 7.9e-13 1.3e-12 2.4e-12 3.8e-12 5.1e-12 6.5e-12 1.2e-11 2.9e-11 6.5e-11
   72    13     6  4.3e-13 5.1e-13 8.0e-13 1.2e-12 2.1e-12 3.1e-12 4.1e-12 5.0e-12 8.7e-12 1.8e-11 3.7e-11
   73    13     7  3.6e-12 4.5e-12 6.4e-12 8.6e-12 1.2e-11 1.5e-11 1.8e-11 2.0e-11 3.0e-11 5.2e-11 8.8e-11
   74    13     8  1.3e-12 1.3e-12 1.7e-12 2.3e-12 3.5e-12 4.7e-12 5.9e-12 6.9e-12 1.0e-11 1.7e-11 2.7e-11
   75    13     9  2.0e-11 2.3e-11 2.8e-11 3.2e-11 3.8e-11 4.2e-11 4.5e-11 4.8e-11 6.0e-11 8.3e-11 1.1e-10
   76    13    10  4.6e-12 4.5e-12 5.0e-12 5.8e-12 7.3e-12 8.7e-12 1.0e-11 1.1e-11 1.4e-11 1.9e-11 2.6e-11
   77    13    11  1.0e-10 1.1e-10 1.1e-10 1.1e-10 1.2e-10 1.2e-10 1.2e-10 1.2e-10 1.4e-10 1.7e-10 2.0e-10
   78    13    12  1.1e-11 1.6e-11 1.8e-11 1.9e-11 2.0e-11 2.0e-11 2.1e-11 2.2e-11 2.4e-11 2.7e-11 2.9e-11
   79    14     1  1.8e-14 2.0e-14 2.3e-14 2.8e-14 4.4e-14 7.2e-14 1.1e-13 1.6e-13 3.5e-13 9.6e-13 2.5e-12
   80    14     2  8.4e-14 8.1e-14 7.2e-14 7.1e-14 9.1e-14 1.5e-13 2.5e-13 3.7e-13 7.0e-13 1.7e-12 3.9e-12
   81    14     3  5.9e-14 7.0e-14 9.1e-14 1.3e-13 2.5e-13 4.5e-13 7.0e-13 9.9e-13 2.3e-12 7.3e-12 2.2e-11
   82    14     4  1.5e-13 1.6e-13 1.8e-13 2.5e-13 4.9e-13 8.7e-13 1.3e-12 1.9e-12 4.0e-12 1.1e-11 3.1e-11
   83    14     5  1.5e-13 1.7e-13 2.6e-13 4.2e-13 8.4e-13 1.4e-12 2.0e-12 2.6e-12 5.4e-12 1.5e-11 3.8e-11
   84    14     6  3.9e-13 5.3e-13 9.1e-13 1.5e-12 2.7e-12 4.2e-12 5.6e-12 7.0e-12 1.3e-11 3.1e-11 7.1e-11
   85    14     7  5.0e-13 6.0e-13 9.0e-13 1.4e-12 2.3e-12 3.4e-12 4.4e-12 5.3e-12 9.1e-12 1.9e-11 4.0e-11
   86    14     8  4.3e-12 5.3e-12 7.3e-12 9.5e-12 1.3e-11 1.6e-11 1.9e-11 2.1e-11 3.1e-11 5.4e-11 9.3e-11
   87    14     9  1.5e-12 1.6e-12 1.9e-12 2.5e-12 3.7e-12 5.0e-12 6.1e-12 7.2e-12 1.0e-11 1.7e-11 2.8e-11
   88    14    10  2.3e-11 2.6e-11 3.1e-11 3.5e-11 4.0e-11 4.4e-11 4.7e-11 5.0e-11 6.2e-11 8.6e-11 1.2e-10
   89    14    11  5.0e-12 5.0e-12 5.3e-12 6.1e-12 7.5e-12 8.9e-12 1.0e-11 1.1e-11 1.4e-11 2.0e-11 2.7e-11
   90    14    12  1.1e-10 1.1e-10 1.2e-10 1.2e-10 1.2e-10 1.2e-10 1.2e-10 1.3e-10 1.4e-10 1.7e-10 2.0e-10
   91    14    13  1.0e-11 1.4e-11 1.7e-11 1.8e-11 1.9e-11 2.0e-11 2.1e-11 2.2e-11 2.4e-11 2.7e-11 2.9e-11
   92    15     1  2.9e-14 2.6e-14 2.3e-14 2.2e-14 2.3e-14 2.8e-14 3.9e-14 5.6e-14 7.9e-14 1.3e-13 2.1e-13
   93    15     2  4.3e-14 4.7e-14 5.5e-14 6.8e-14 1.0e-13 1.7e-13 2.5e-13 3.6e-13 7.5e-13 2.1e-12 5.6e-12
   94    15     3  1.3e-13 1.2e-13 1.1e-13 1.0e-13 1.3e-13 2.1e-13 3.3e-13 4.8e-13 8.9e-13 2.1e-12 5.0e-12
   95    15     4  6.2e-14 7.1e-14 9.8e-14 1.5e-13 3.0e-13 5.2e-13 8.1e-13 1.1e-12 2.6e-12 8.4e-12 2.5e-11
   96    15     5  1.6e-13 1.7e-13 2.0e-13 2.8e-13 5.6e-13 9.8e-13 1.5e-12 2.1e-12 4.5e-12 1.3e-11 3.4e-11
   97    15     6  1.8e-13 2.0e-13 2.9e-13 4.7e-13 9.3e-13 1.5e-12 2.2e-12 2.8e-12 5.8e-12 1.6e-11 4.1e-11
   98    15     7  4.4e-13 6.0e-13 1.0e-12 1.7e-12 3.0e-12 4.5e-12 6.1e-12 7.5e-12 1.4e-11 3.4e-11 7.7e-11
   99    15     8  6.3e-13 7.2e-13 1.0e-12 1.5e-12 2.5e-12 3.6e-12 4.6e-12 5.6e-12 9.6e-12 2.0e-11 4.2e-11
  100    15     9  5.3e-12 6.3e-12 8.3e-12 1.0e-11 1.4e-11 1.7e-11 2.0e-11 2.2e-11 3.3e-11 5.7e-11 9.7e-11
  101    15    10  1.9e-12 1.9e-12 2.2e-12 2.8e-12 4.0e-12 5.2e-12 6.4e-12 7.4e-12 1.1e-11 1.8e-11 2.9e-11
  102    15    11  2.7e-11 3.0e-11 3.4e-11 3.8e-11 4.3e-11 4.6e-11 4.9e-11 5.1e-11 6.4e-11 8.8e-11 1.2e-10
  103    15    12  6.0e-12 5.7e-12 5.8e-12 6.5e-12 7.8e-12 9.2e-12 1.0e-11 1.2e-11 1.4e-11 2.0e-11 2.7e-11
  104    15    13  1.2e-10 1.2e-10 1.2e-10 1.2e-10 1.2e-10 1.2e-10 1.2e-10 1.3e-10 1.4e-10 1.7e-10 2.0e-10
  105    15    14  9.9e-12 1.3e-11 1.5e-11 1.7e-11 1.8e-11 1.9e-11 2.0e-11 2.1e-11 2.3e-11 2.6e-11 2.8e-11
  106    16     1  1.1e-14 1.3e-14 1.6e-14 1.9e-14 2.7e-14 3.9e-14 5.5e-14 7.4e-14 1.4e-13 3.6e-13 8.8e-13
  107    16     2  6.8e-14 6.4e-14 6.0e-14 5.8e-14 6.2e-14 7.3e-14 9.4e-14 1.2e-13 1.7e-13 2.8e-13 4.7e-13
  108    16     3  4.6e-14 5.3e-14 6.7e-14 8.6e-14 1.4e-13 2.2e-13 3.3e-13 4.6e-13 9.6e-13 2.7e-12 7.2e-12
  109    16     4  1.3e-13 1.3e-13 1.2e-13 1.2e-13 1.6e-13 2.4e-13 3.8e-13 5.6e-13 1.0e-12 2.4e-12 5.8e-12
  110    16     5  6.5e-14 7.3e-14 1.0e-13 1.6e-13 3.3e-13 5.9e-13 9.1e-13 1.3e-12 2.9e-12 9.3e-12 2.9e-11
  111    16     6  1.5e-13 1.7e-13 2.2e-13 3.2e-13 6.3e-13 1.1e-12 1.7e-12 2.3e-12 4.9e-12 1.4e-11 3.8e-11
  112    16     7  2.0e-13 2.2e-13 3.3e-13 5.3e-13 1.0e-12 1.7e-12 2.3e-12 3.0e-12 6.2e-12 1.7e-11 4.4e-11
  113    16     8  5.2e-13 6.9e-13 1.2e-12 1.9e-12 3.3e-12 4.9e-12 6.5e-12 8.0e-12 1.5e-11 3.6e-11 8.2e-11
  114    16     9  6.7e-13 7.8e-13 1.1e-12 1.7e-12 2.7e-12 3.8e-12 4.8e-12 5.8e-12 1.0e-11 2.1e-11 4.3e-11
  115    16    10  5.8e-12 6.8e-12 9.0e-12 1.1e-11 1.5e-11 1.8e-11 2.1e-11 2.3e-11 3.4e-11 5.9e-11 1.0e-10
  116    16    11  2.0e-12 1.9e-12 2.3e-12 3.0e-12 4.2e-12 5.5e-12 6.6e-12 7.7e-12 1.1e-11 1.8e-11 3.0e-11
  117    16    12  2.9e-11 3.1e-11 3.6e-11 3.9e-11 4.4e-11 4.8e-11 5.1e-11 5.3e-11 6.6e-11 9.1e-11 1.2e-10
  118    16    13  6.0e-12 5.7e-12 6.1e-12 6.8e-12 8.1e-12 9.4e-12 1.1e-11 1.2e-11 1.5e-11 2.0e-11 2.8e-11
  119    16    14  1.2e-10 1.2e-10 1.2e-10 1.2e-10 1.2e-10 1.2e-10 1.3e-10 1.3e-10 1.4e-10 1.7e-10 2.0e-10
  120    16    15  8.3e-12 1.2e-11 1.5e-11 1.6e-11 1.8e-11 1.9e-11 2.0e-11 2.1e-11 2.3e-11 2.6e-11 2.8e-11
  121    17     1  2.0e-14 1.9e-14 1.8e-14 1.7e-14 1.8e-14 2.0e-14 2.3e-14 2.6e-14 3.4e-14 5.0e-14 7.6e-14
  122    17     2  2.3e-14 2.7e-14 3.4e-14 4.2e-14 6.1e-14 8.7e-14 1.2e-13 1.6e-13 3.1e-13 7.7e-13 1.9e-12
  123    17     3  9.5e-14 9.2e-14 8.3e-14 7.9e-14 8.3e-14 9.8e-14 1.2e-13 1.6e-13 2.2e-13 3.7e-13 6.1e-13
  124    17     4  4.8e-14 5.7e-14 7.2e-14 9.5e-14 1.6e-13 2.5e-13 3.8e-13 5.3e-13 1.1e-12 3.1e-12 8.4e-12
  125    17     5  1.5e-13 1.4e-13 1.3e-13 1.3e-13 1.7e-13 2.7e-13 4.3e-13 6.2e-13 1.1e-12 2.7e-12 6.4e-12
  126    17     6  7.3e-14 8.5e-14 1.2e-13 1.8e-13 3.7e-13 6.5e-13 9.9e-13 1.4e-12 3.2e-12 1.0e-11 3.1e-11
  127    17     7  1.6e-13 1.8e-13 2.4e-13 3.6e-13 7.0e-13 1.2e-12 1.8e-12 2.5e-12 5.2e-12 1.5e-11 4.1e-11
  128    17     8  2.5e-13 2.9e-13 4.0e-13 6.1e-13 1.1e-12 1.8e-12 2.5e-12 3.2e-12 6.6e-12 1.8e-11 4.7e-11
  129    17     9  5.8e-13 8.1e-13 1.4e-12 2.1e-12 3.6e-12 5.3e-12 6.9e-12 8.4e-12 1.6e-11 3.8e-11 8.7e-11
  130    17    10  8.5e-13 1.0e-12 1.3e-12 1.9e-12 2.9e-12 4.0e-12 5.1e-12 6.1e-12 1.0e-11 2.2e-11 4.5e-11
  131    17    11  6.8e-12 8.1e-12 1.0e-11 1.3e-11 1.6e-11 1.9e-11 2.2e-11 2.4e-11 3.6e-11 6.1e-11 1.1e-10
  132    17    12  2.6e-12 2.6e-12 2.8e-12 3.4e-12 4.6e-12 5.8e-12 6.9e-12 8.0e-12 1.1e-11 1.9e-11 3.1e-11
  133    17    13  3.3e-11 3.6e-11 4.0e-11 4.3e-11 4.7e-11 5.0e-11 5.3e-11 5.5e-11 6.8e-11 9.3e-11 1.3e-10
  134    17    14  7.7e-12 7.4e-12 7.2e-12 7.6e-12 8.7e-12 9.8e-12 1.1e-11 1.2e-11 1.5e-11 2.1e-11 2.8e-11
  135    17    15  1.4e-10 1.4e-10 1.3e-10 1.3e-10 1.3e-10 1.3e-10 1.3e-10 1.3e-10 1.5e-10 1.7e-10 2.1e-10
  136    17    16  9.4e-12 1.2e-11 1.4e-11 1.6e-11 1.7e-11 1.9e-11 2.0e-11 2.1e-11 2.3e-11 2.6e-11 2.8e-11
  137    18     1  4.4e-15 5.1e-15 6.9e-15 9.3e-15 1.4e-14 1.9e-14 2.6e-14 3.3e-14 4.5e-14 6.7e-14 1.0e-13
  138    18     2  4.2e-14 3.9e-14 3.7e-14 3.7e-14 4.0e-14 4.5e-14 5.2e-14 6.0e-14 7.7e-14 1.1e-13 1.7e-13
  139    18     3  2.6e-14 3.0e-14 3.9e-14 5.1e-14 7.7e-14 1.1e-13 1.6e-13 2.1e-13 4.0e-13 9.9e-13 2.5e-12
  140    18     4  1.1e-13 1.0e-13 9.5e-14 9.3e-14 9.7e-14 1.1e-13 1.5e-13 1.9e-13 2.6e-13 4.2e-13 6.9e-13
  141    18     5  4.9e-14 5.6e-14 7.3e-14 1.0e-13 1.7e-13 2.8e-13 4.2e-13 5.8e-13 1.2e-12 3.4e-12 9.2e-12
  142    18     6  1.4e-13 1.4e-13 1.4e-13 1.4e-13 1.9e-13 3.0e-13 4.7e-13 6.8e-13 1.2e-12 2.9e-12 6.9e-12
  143    18     7  8.8e-14 9.5e-14 1.3e-13 2.0e-13 4.1e-13 7.1e-13 1.1e-12 1.5e-12 3.4e-12 1.1e-11 3.3e-11
  144    18     8  1.5e-13 1.8e-13 2.6e-13 4.0e-13 7.8e-13 1.3e-12 1.9e-12 2.6e-12 5.6e-12 1.6e-11 4.4e-11
  145    18     9  3.1e-13 3.3e-13 4.6e-13 6.9e-13 1.2e-12 1.9e-12 2.7e-12 3.4e-12 6.9e-12 1.9e-11 5.0e-11
  146    18    10  7.1e-13 9.2e-13 1.5e-12 2.3e-12 4.0e-12 5.7e-12 7.3e-12 8.9e-12 1.7e-11 4.0e-11 9.2e-11
  147    18    11  9.6e-13 1.1e-12 1.5e-12 2.0e-12 3.1e-12 4.2e-12 5.3e-12 6.3e-12 1.1e-11 2.3e-11 4.7e-11
  148    18    12  7.6e-12 8.6e-12 1.1e-11 1.3e-11 1.7e-11 2.0e-11 2.3e-11 2.5e-11 3.7e-11 6.3e-11 1.1e-10
  149    18    13  2.6e-12 2.6e-12 3.0e-12 3.6e-12 4.8e-12 6.1e-12 7.2e-12 8.2e-12 1.2e-11 1.9e-11 3.2e-11
  150    18    14  3.4e-11 3.7e-11 4.1e-11 4.4e-11 4.9e-11 5.2e-11 5.4e-11 5.6e-11 6.9e-11 9.5e-11 1.3e-10
  151    18    15  6.9e-12 6.8e-12 7.1e-12 7.7e-12 8.9e-12 1.0e-11 1.1e-11 1.2e-11 1.5e-11 2.1e-11 2.9e-11
  152    18    16  1.3e-10 1.3e-10 1.3e-10 1.3e-10 1.3e-10 1.3e-10 1.3e-10 1.3e-10 1.4e-10 1.7e-10 2.1e-10
  153    18    17  7.8e-12 1.1e-11 1.4e-11 1.5e-11 1.7e-11 1.8e-11 1.9e-11 2.0e-11 2.3e-11 2.6e-11 2.8e-11
  154    19     1  9.0e-15 8.1e-15 7.3e-15 7.2e-15 8.1e-15 9.7e-15 1.2e-14 1.4e-14 1.9e-14 3.2e-14 5.5e-14
  155    19     2  8.6e-15 1.0e-14 1.4e-14 1.9e-14 3.0e-14 4.3e-14 5.8e-14 7.4e-14 1.0e-13 1.5e-13 2.2e-13
  156    19     3  6.0e-14 5.5e-14 5.1e-14 5.0e-14 5.3e-14 6.0e-14 6.9e-14 8.0e-14 1.0e-13 1.5e-13 2.2e-13
  157    19     4  2.9e-14 3.3e-14 4.2e-14 5.6e-14 8.6e-14 1.3e-13 1.8e-13 2.4e-13 4.5e-13 1.1e-12 2.8e-12
  158    19     5  1.3e-13 1.2e-13 1.1e-13 1.1e-13 1.1e-13 1.3e-13 1.6e-13 2.1e-13 2.8e-13 4.5e-13 7.5e-13
  159    19     6  5.5e-14 6.1e-14 7.8e-14 1.0e-13 1.8e-13 3.0e-13 4.5e-13 6.2e-13 1.3e-12 3.6e-12 9.8e-12
  160    19     7  1.6e-13 1.6e-13 1.5e-13 1.5e-13 2.1e-13 3.3e-13 5.0e-13 7.2e-13 1.3e-12 3.0e-12 7.3e-12
  161    19     8  1.1e-13 1.2e-13 1.5e-13 2.3e-13 4.5e-13 7.7e-13 1.2e-12 1.6e-12 3.6e-12 1.1e-11 3.5e-11
  162    19     9  1.9e-13 2.1e-13 3.0e-13 4.5e-13 8.5e-13 1.4e-12 2.1e-12 2.8e-12 5.9e-12 1.7e-11 4.6e-11
  163    19    10  3.9e-13 4.1e-13 5.4e-13 7.8e-13 1.4e-12 2.1e-12 2.9e-12 3.6e-12 7.3e-12 2.0e-11 5.2e-11
  164    19    11  8.8e-13 1.1e-12 1.7e-12 2.6e-12 4.3e-12 6.1e-12 7.8e-12 9.3e-12 1.7e-11 4.1e-11 9.7e-11
  165    19    12  1.2e-12 1.3e-12 1.7e-12 2.3e-12 3.4e-12 4.5e-12 5.6e-12 6.6e-12 1.1e-11 2.3e-11 4.9e-11
  166    19    13  8.9e-12 9.8e-12 1.2e-11 1.4e-11 1.8e-11 2.1e-11 2.4e-11 2.6e-11 3.8e-11 6.5e-11 1.1e-10
  167    19    14  3.5e-12 3.3e-12 3.5e-12 4.1e-12 5.2e-12 6.4e-12 7.5e-12 8.5e-12 1.2e-11 2.0e-11 3.3e-11
  168    19    15  4.1e-11 4.1e-11 4.4e-11 4.7e-11 5.1e-11 5.4e-11 5.6e-11 5.8e-11 7.1e-11 9.7e-11 1.3e-10
  169    19    16  9.4e-12 8.6e-12 8.3e-12 8.5e-12 9.5e-12 1.0e-11 1.2e-11 1.3e-11 1.6e-11 2.1e-11 2.9e-11
  170    19    17  1.6e-10 1.5e-10 1.4e-10 1.3e-10 1.3e-10 1.3e-10 1.3e-10 1.3e-10 1.5e-10 1.7e-10 2.1e-10
  171    19    18  8.7e-12 1.1e-11 1.4e-11 1.5e-11 1.7e-11 1.8e-11 1.9e-11 2.0e-11 2.3e-11 2.6e-11 2.8e-11
  172    20     1  1.1e-15 1.5e-15 2.5e-15 3.8e-15 6.5e-15 9.6e-15 1.3e-14 1.6e-14 3.5e-14 1.0e-13 2.8e-13
  173    20     2  1.6e-14 1.6e-14 1.5e-14 1.5e-14 1.7e-14 2.1e-14 2.6e-14 3.1e-14 4.3e-14 7.1e-14 1.2e-13
  174    20     3  8.6e-15 1.1e-14 1.6e-14 2.3e-14 3.7e-14 5.5e-14 7.4e-14 9.5e-14 1.3e-13 1.9e-13 2.9e-13
  175    20     4  6.0e-14 6.0e-14 5.8e-14 5.8e-14 6.2e-14 6.9e-14 8.0e-14 9.1e-14 1.1e-13 1.7e-13 2.5e-13
  176    20     5  2.7e-14 3.3e-14 4.4e-14 5.9e-14 9.2e-14 1.4e-13 1.9e-13 2.6e-13 4.9e-13 1.2e-12 3.0e-12
  177    20     6  1.2e-13 1.2e-13 1.1e-13 1.1e-13 1.2e-13 1.4e-13 1.7e-13 2.2e-13 3.0e-13 4.8e-13 7.9e-13
  178    20     7  5.3e-14 6.3e-14 8.3e-14 1.1e-13 2.0e-13 3.2e-13 4.8e-13 6.7e-13 1.4e-12 3.8e-12 1.0e-11
  179    20     8  1.4e-13 1.4e-13 1.4e-13 1.5e-13 2.2e-13 3.5e-13 5.4e-13 7.7e-13 1.4e-12 3.2e-12 7.6e-12
  180    20     9  1.1e-13 1.3e-13 1.8e-13 2.6e-13 5.0e-13 8.4e-13 1.2e-12 1.7e-12 3.8e-12 1.2e-11 3.8e-11
  181    20    10  1.7e-13 2.2e-13 3.2e-13 4.9e-13 9.3e-13 1.5e-12 2.2e-12 3.0e-12 6.2e-12 1.7e-11 4.9e-11
  182    20    11  3.9e-13 4.6e-13 6.1e-13 8.8e-13 1.5e-12 2.2e-12 3.0e-12 3.8e-12 7.6e-12 2.0e-11 5.5e-11
  183    20    12  9.2e-13 1.2e-12 1.9e-12 2.8e-12 4.6e-12 6.4e-12 8.2e-12 9.8e-12 1.8e-11 4.3e-11 1.0e-10
  184    20    13  1.2e-12 1.5e-12 1.9e-12 2.5e-12 3.6e-12 4.7e-12 5.8e-12 6.8e-12 1.1e-11 2.4e-11 5.1e-11
  185    20    14  8.5e-12 1.0e-11 1.3e-11 1.5e-11 1.9e-11 2.2e-11 2.4e-11 2.7e-11 3.9e-11 6.6e-11 1.1e-10
  186    20    15  3.3e-12 3.4e-12 3.7e-12 4.3e-12 5.5e-12 6.7e-12 7.8e-12 8.8e-12 1.2e-11 2.0e-11 3.4e-11
  187    20    16  3.6e-11 4.0e-11 4.4e-11 4.7e-11 5.2e-11 5.4e-11 5.7e-11 5.8e-11 7.2e-11 9.8e-11 1.3e-10
  188    20    17  8.1e-12 8.2e-12 8.3e-12 8.6e-12 9.6e-12 1.1e-11 1.2e-11 1.3e-11 1.6e-11 2.2e-11 3.0e-11
  189    20    18  1.3e-10 1.3e-10 1.3e-10 1.3e-10 1.3e-10 1.3e-10 1.3e-10 1.3e-10 1.5e-10 1.7e-10 2.1e-10
  190    20    19  8.2e-12 1.2e-11 1.4e-11 1.6e-11 1.7e-11 1.8e-11 1.9e-11 2.0e-11 2.3e-11 2.6e-11 2.8e-11
  191    21     1  2.6e-15 2.9e-15 2.8e-15 2.8e-15 3.2e-15 4.1e-15 5.3e-15 6.7e-15 9.9e-15 1.8e-14 3.3e-14
  192    21     2  1.8e-15 2.9e-15 4.9e-15 7.6e-15 1.4e-14 2.1e-14 2.9e-14 3.7e-14 7.8e-14 2.2e-13 6.2e-13
  193    21     3  2.1e-14 2.2e-14 2.1e-14 2.1e-14 2.4e-14 2.9e-14 3.4e-14 4.1e-14 5.6e-14 9.2e-14 1.6e-13
  194    21     4  9.5e-15 1.3e-14 1.9e-14 2.7e-14 4.2e-14 6.2e-14 8.3e-14 1.1e-13 1.5e-13 2.2e-13 3.3e-13
  195    21     5  6.7e-14 7.3e-14 7.1e-14 7.0e-14 7.4e-14 8.1e-14 9.1e-14 1.0e-13 1.3e-13 1.8e-13 2.7e-13
  196    21     6  2.8e-14 3.8e-14 5.0e-14 6.5e-14 1.0e-13 1.5e-13 2.1e-13 2.7e-13 5.1e-13 1.3e-12 3.2e-12
  197    21     7  1.2e-13 1.4e-13 1.3e-13 1.3e-13 1.3e-13 1.5e-13 1.9e-13 2.4e-13 3.2e-13 5.0e-13 8.3e-13
  198    21     8  5.8e-14 7.5e-14 9.7e-14 1.3e-13 2.2e-13 3.5e-13 5.2e-13 7.1e-13 1.4e-12 4.0e-12 1.1e-11
  199    21     9  1.3e-13 1.5e-13 1.5e-13 1.6e-13 2.3e-13 3.7e-13 5.7e-13 8.1e-13 1.4e-12 3.3e-12 7.9e-12
  200    21    10  1.3e-13 1.7e-13 2.2e-13 3.1e-13 5.7e-13 9.2e-13 1.3e-12 1.8e-12 4.0e-12 1.3e-11 4.0e-11
  201    21    11  1.8e-13 2.4e-13 3.6e-13 5.4e-13 1.0e-12 1.7e-12 2.4e-12 3.1e-12 6.5e-12 1.8e-11 5.1e-11
  202    21    12  4.5e-13 5.6e-13 7.4e-13 1.0e-12 1.7e-12 2.4e-12 3.2e-12 4.0e-12 8.0e-12 2.1e-11 5.7e-11
  203    21    13  1.0e-12 1.5e-12 2.2e-12 3.2e-12 5.0e-12 6.8e-12 8.6e-12 1.0e-11 1.9e-11 4.5e-11 1.1e-10
  204    21    14  1.4e-12 1.8e-12 2.2e-12 2.8e-12 3.9e-12 5.0e-12 6.1e-12 7.1e-12 1.2e-11 2.5e-11 5.2e-11
  205    21    15  9.0e-12 1.1e-11 1.4e-11 1.6e-11 2.0e-11 2.3e-11 2.5e-11 2.7e-11 4.0e-11 6.8e-11 1.2e-10
  206    21    16  3.6e-12 4.1e-12 4.4e-12 4.9e-12 6.0e-12 7.2e-12 8.2e-12 9.2e-12 1.3e-11 2.1e-11 3.5e-11
  207    21    17  3.7e-11 4.5e-11 4.9e-11 5.1e-11 5.5e-11 5.7e-11 5.9e-11 6.0e-11 7.4e-11 1.0e-10 1.4e-10
  208    21    18  8.2e-12 9.2e-12 9.3e-12 9.5e-12 1.0e-11 1.1e-11 1.2e-11 1.3e-11 1.6e-11 2.2e-11 3.0e-11
  209    21    19  1.2e-10 1.4e-10 1.4e-10 1.4e-10 1.3e-10 1.3e-10 1.3e-10 1.3e-10 1.5e-10 1.7e-10 2.1e-10
  210    21    20  9.0e-12 1.3e-11 1.4e-11 1.5e-11 1.7e-11 1.8e-11 1.9e-11 2.0e-11 2.2e-11 2.5e-11 2.8e-11
  211    22     1  1.6e-15 1.8e-15 2.0e-15 2.2e-15 2.4e-15 2.6e-15 2.9e-15 3.3e-15 4.1e-15 5.6e-15 7.9e-15
  212    22     2  5.6e-15 6.2e-15 6.5e-15 6.7e-15 7.4e-15 8.7e-15 1.1e-14 1.3e-14 1.9e-14 3.4e-14 6.4e-14
  213    22     3  5.8e-15 6.9e-15 9.3e-15 1.2e-14 1.7e-14 2.3e-14 2.9e-14 3.6e-14 7.7e-14 2.2e-13 6.1e-13
  214    22     4  2.2e-14 2.2e-14 2.2e-14 2.2e-14 2.5e-14 2.9e-14 3.5e-14 4.1e-14 5.6e-14 9.2e-14 1.6e-13
  215    22     5  1.4e-14 1.7e-14 2.4e-14 3.1e-14 4.5e-14 6.1e-14 8.0e-14 1.0e-13 1.4e-13 2.1e-13 3.1e-13
  216    22     6  5.2e-14 5.6e-14 5.6e-14 5.7e-14 6.2e-14 7.0e-14 8.1e-14 9.4e-14 1.2e-13 1.7e-13 2.5e-13
  217    22     7  3.2e-14 4.0e-14 5.4e-14 6.9e-14 9.9e-14 1.4e-13 1.9e-13 2.5e-13 4.8e-13 1.2e-12 2.9e-12
  218    22     8  8.7e-14 9.5e-14 9.4e-14 9.4e-14 1.0e-13 1.2e-13 1.6e-13 2.1e-13 2.8e-13 4.4e-13 7.2e-13
  219    22     9  5.4e-14 7.1e-14 9.1e-14 1.2e-13 1.8e-13 2.8e-13 4.2e-13 5.9e-13 1.2e-12 3.3e-12 9.2e-12
  220    22    10  1.1e-13 1.3e-13 1.3e-13 1.3e-13 1.7e-13 2.7e-13 4.3e-13 6.5e-13 1.1e-12 2.6e-12 6.2e-12
  221    22    11  5.6e-14 7.9e-14 1.1e-13 1.6e-13 3.1e-13 5.7e-13 9.1e-13 1.3e-12 2.9e-12 9.2e-12 2.9e-11
  222    22    12  1.4e-13 1.6e-13 1.9e-13 2.5e-13 5.2e-13 9.6e-13 1.5e-12 2.2e-12 4.5e-12 1.3e-11 3.6e-11
  223    22    13  8.7e-14 1.3e-13 2.0e-13 3.4e-13 7.6e-13 1.4e-12 2.0e-12 2.8e-12 5.5e-12 1.5e-11 3.9e-11
  224    22    14  2.1e-13 3.1e-13 5.6e-13 1.0e-12 2.2e-12 3.7e-12 5.3e-12 6.9e-12 1.3e-11 3.0e-11 7.1e-11
  225    22    15  1.6e-13 2.5e-13 5.0e-13 9.1e-13 1.8e-12 2.9e-12 4.0e-12 5.1e-12 8.5e-12 1.8e-11 3.7e-11
  226    22    16  5.5e-13 1.3e-12 3.0e-12 5.2e-12 9.0e-12 1.3e-11 1.6e-11 1.9e-11 2.7e-11 4.6e-11 8.0e-11
  227    22    17  3.4e-13 6.2e-13 1.1e-12 1.7e-12 2.9e-12 4.1e-12 5.3e-12 6.5e-12 9.0e-12 1.5e-11 2.5e-11
  228    22    18  2.4e-12 6.5e-12 1.3e-11 1.9e-11 2.7e-11 3.4e-11 3.8e-11 4.2e-11 5.2e-11 7.0e-11 9.7e-11
  229    22    19  3.1e-12 4.8e-12 5.8e-12 6.6e-12 7.9e-12 9.2e-12 1.0e-11 1.2e-11 1.4e-11 1.9e-11 2.7e-11
  230    22    20  1.7e-11 4.3e-11 7.0e-11 8.6e-11 1.0e-10 1.1e-10 1.2e-10 1.2e-10 1.4e-10 1.6e-10 1.9e-10
  231    22    21  2.4e-11 2.9e-11 2.8e-11 2.7e-11 2.6e-11 2.5e-11 2.5e-11 2.5e-11 2.8e-11 3.2e-11 3.5e-11
  232    23     1  1.2e-15 1.4e-15 1.6e-15 1.7e-15 1.8e-15 1.8e-15 2.0e-15 2.2e-15 2.6e-15 3.3e-15 4.4e-15
  233    23     2  3.7e-15 4.1e-15 4.8e-15 5.2e-15 5.5e-15 5.8e-15 6.3e-15 7.1e-15 8.7e-15 1.2e-14 1.7e-14
  234    23     3  7.2e-15 8.1e-15 8.7e-15 9.0e-15 9.7e-15 1.1e-14 1.4e-14 1.6e-14 2.4e-14 4.2e-14 7.8e-14
  235    23     4  6.6e-15 8.0e-15 1.1e-14 1.4e-14 1.9e-14 2.6e-14 3.3e-14 4.1e-14 8.6e-14 2.4e-13 6.9e-13
  236    23     5  2.3e-14 2.3e-14 2.4e-14 2.4e-14 2.7e-14 3.1e-14 3.7e-14 4.4e-14 6.0e-14 9.7e-14 1.6e-13
  237    23     6  1.4e-14 1.8e-14 2.5e-14 3.3e-14 4.7e-14 6.4e-14 8.5e-14 1.1e-13 1.5e-13 2.2e-13 3.3e-13
  238    23     7  5.1e-14 5.6e-14 5.7e-14 5.9e-14 6.4e-14 7.2e-14 8.4e-14 9.8e-14 1.2e-13 1.7e-13 2.5e-13
  239    23     8  3.1e-14 4.0e-14 5.4e-14 7.0e-14 1.0e-13 1.4e-13 2.0e-13 2.6e-13 4.9e-13 1.2e-12 3.0e-12
  240    23     9  8.4e-14 9.4e-14 9.4e-14 9.5e-14 1.0e-13 1.2e-13 1.6e-13 2.1e-13 2.8e-13 4.4e-13 7.3e-13
  241    23    10  5.1e-14 6.9e-14 9.1e-14 1.2e-13 1.8e-13 2.8e-13 4.3e-13 6.1e-13 1.2e-12 3.3e-12 9.3e-12
  242    23    11  1.1e-13 1.3e-13 1.3e-13 1.3e-13 1.7e-13 2.7e-13 4.4e-13 6.6e-13 1.1e-12 2.6e-12 6.2e-12
  243    23    12  5.3e-14 7.7e-14 1.1e-13 1.6e-13 3.1e-13 5.7e-13 9.2e-13 1.3e-12 2.9e-12 9.1e-12 2.9e-11
  244    23    13  1.3e-13 1.6e-13 1.8e-13 2.5e-13 5.2e-13 9.7e-13 1.6e-12 2.2e-12 4.6e-12 1.3e-11 3.6e-11
  245    23    14  8.2e-14 1.2e-13 2.0e-13 3.4e-13 7.6e-13 1.4e-12 2.1e-12 2.8e-12 5.5e-12 1.5e-11 3.9e-11
  246    23    15  2.0e-13 3.0e-13 5.5e-13 1.0e-12 2.2e-12 3.7e-12 5.4e-12 7.0e-12 1.3e-11 3.0e-11 7.1e-11
  247    23    16  1.5e-13 2.4e-13 4.9e-13 9.0e-13 1.8e-12 2.9e-12 4.0e-12 5.1e-12 8.5e-12 1.8e-11 3.7e-11
  248    23    17  5.2e-13 1.3e-12 3.0e-12 5.1e-12 9.0e-12 1.3e-11 1.6e-11 1.9e-11 2.7e-11 4.6e-11 8.0e-11
  249    23    18  3.2e-13 6.0e-13 1.0e-12 1.6e-12 2.8e-12 4.1e-12 5.3e-12 6.5e-12 9.0e-12 1.5e-11 2.4e-11
  250    23    19  2.3e-12 6.2e-12 1.3e-11 1.9e-11 2.7e-11 3.3e-11 3.8e-11 4.2e-11 5.2e-11 7.0e-11 9.6e-11
  251    23    20  2.9e-12 4.6e-12 5.7e-12 6.5e-12 7.8e-12 9.1e-12 1.0e-11 1.1e-11 1.4e-11 1.9e-11 2.6e-11
  252    23    21  1.6e-11 4.1e-11 6.8e-11 8.5e-11 1.0e-10 1.1e-10 1.2e-10 1.2e-10 1.3e-10 1.6e-10 1.9e-10
  253    23    22  2.2e-11 2.8e-11 2.8e-11 2.7e-11 2.5e-11 2.5e-11 2.5e-11 2.5e-11 2.8e-11 3.2e-11 3.5e-11
  254    24     1  9.3e-16 1.0e-15 1.2e-15 1.3e-15 1.3e-15 1.3e-15 1.4e-15 1.5e-15 1.6e-15 1.9e-15 2.4e-15
  255    24     2  2.8e-15 3.2e-15 3.7e-15 4.0e-15 4.0e-15 4.1e-15 4.3e-15 4.7e-15 5.5e-15 7.0e-15 9.2e-15
  256    24     3  4.9e-15 5.5e-15 6.5e-15 7.0e-15 7.2e-15 7.5e-15 8.1e-15 9.0e-15 1.1e-14 1.5e-14 2.1e-14
  257    24     4  8.1e-15 9.2e-15 1.0e-14 1.0e-14 1.1e-14 1.3e-14 1.5e-14 1.9e-14 2.7e-14 4.7e-14 8.7e-14
  258    24     5  6.9e-15 8.5e-15 1.2e-14 1.5e-14 2.1e-14 2.8e-14 3.6e-14 4.4e-14 9.3e-14 2.6e-13 7.4e-13
  259    24     6  2.3e-14 2.4e-14 2.4e-14 2.5e-14 2.8e-14 3.3e-14 3.9e-14 4.7e-14 6.3e-14 1.0e-13 1.7e-13
  260    24     7  1.4e-14 1.8e-14 2.5e-14 3.4e-14 4.9e-14 6.7e-14 8.8e-14 1.1e-13 1.5e-13 2.3e-13 3.4e-13
  261    24     8  5.0e-14 5.6e-14 5.8e-14 6.0e-14 6.5e-14 7.4e-14 8.7e-14 1.0e-13 1.2e-13 1.7e-13 2.6e-13
  262    24     9  3.0e-14 3.9e-14 5.5e-14 7.1e-14 1.0e-13 1.5e-13 2.0e-13 2.7e-13 5.0e-13 1.2e-12 3.1e-12
  263    24    10  8.0e-14 9.2e-14 9.4e-14 9.5e-14 1.0e-13 1.2e-13 1.6e-13 2.2e-13 2.9e-13 4.4e-13 7.3e-13
  264    24    11  4.9e-14 6.8e-14 9.1e-14 1.2e-13 1.8e-13 2.9e-13 4.4e-13 6.2e-13 1.2e-12 3.4e-12 9.3e-12
  265    24    12  1.0e-13 1.2e-13 1.3e-13 1.3e-13 1.7e-13 2.7e-13 4.4e-13 6.6e-13 1.1e-12 2.6e-12 6.2e-12
  266    24    13  5.0e-14 7.4e-14 1.1e-13 1.6e-13 3.1e-13 5.8e-13 9.3e-13 1.3e-12 2.9e-12 9.2e-12 2.9e-11
  267    24    14  1.2e-13 1.5e-13 1.8e-13 2.5e-13 5.2e-13 9.7e-13 1.6e-12 2.2e-12 4.6e-12 1.3e-11 3.6e-11
  268    24    15  7.7e-14 1.2e-13 1.9e-13 3.4e-13 7.6e-13 1.4e-12 2.1e-12 2.8e-12 5.5e-12 1.4e-11 3.9e-11
  269    24    16  1.9e-13 2.9e-13 5.4e-13 1.0e-12 2.2e-12 3.7e-12 5.4e-12 7.0e-12 1.3e-11 3.0e-11 7.1e-11
  270    24    17  1.4e-13 2.3e-13 4.8e-13 8.9e-13 1.8e-12 2.9e-12 4.0e-12 5.1e-12 8.4e-12 1.8e-11 3.7e-11
  271    24    18  4.9e-13 1.2e-12 2.9e-12 5.0e-12 8.9e-12 1.3e-11 1.6e-11 1.9e-11 2.7e-11 4.6e-11 7.9e-11
  272    24    19  3.0e-13 5.7e-13 1.0e-12 1.6e-12 2.8e-12 4.1e-12 5.3e-12 6.4e-12 8.9e-12 1.5e-11 2.4e-11
  273    24    20  2.1e-12 6.0e-12 1.2e-11 1.8e-11 2.7e-11 3.3e-11 3.8e-11 4.2e-11 5.1e-11 6.9e-11 9.5e-11
  274    24    21  2.7e-12 4.4e-12 5.5e-12 6.4e-12 7.7e-12 9.1e-12 1.0e-11 1.1e-11 1.4e-11 1.9e-11 2.6e-11
  275    24    22  1.5e-11 4.0e-11 6.6e-11 8.3e-11 1.0e-10 1.1e-10 1.2e-10 1.2e-10 1.3e-10 1.6e-10 1.9e-10
  276    24    23  2.1e-11 2.7e-11 2.7e-11 2.6e-11 2.5e-11 2.4e-11 2.4e-11 2.4e-11 2.8e-11 3.2e-11 3.5e-11
  277    25     1  7.1e-16 7.9e-16 9.4e-16 1.0e-15 9.5e-16 9.0e-16 9.2e-16 9.7e-16 1.0e-15 1.1e-15 1.3e-15
  278    25     2  2.2e-15 2.4e-15 2.9e-15 3.1e-15 3.0e-15 2.9e-15 2.9e-15 3.1e-15 3.5e-15 4.1e-15 5.1e-15
  279    25     3  3.7e-15 4.2e-15 5.0e-15 5.4e-15 5.3e-15 5.2e-15 5.5e-15 5.9e-15 6.9e-15 8.8e-15 1.2e-14
  280    25     4  5.4e-15 6.2e-15 7.5e-15 8.1e-15 8.2e-15 8.4e-15 9.1e-15 1.0e-14 1.2e-14 1.7e-14 2.3e-14
  281    25     5  8.4e-15 9.7e-15 1.1e-14 1.1e-14 1.2e-14 1.4e-14 1.6e-14 2.0e-14 2.9e-14 5.0e-14 9.2e-14
  282    25     6  7.0e-15 8.7e-15 1.2e-14 1.6e-14 2.2e-14 2.9e-14 3.8e-14 4.7e-14 9.8e-14 2.8e-13 7.8e-13
  283    25     7  2.2e-14 2.4e-14 2.5e-14 2.6e-14 2.9e-14 3.4e-14 4.1e-14 4.9e-14 6.5e-14 1.0e-13 1.7e-13
  284    25     8  1.4e-14 1.8e-14 2.6e-14 3.4e-14 5.0e-14 6.9e-14 9.1e-14 1.2e-13 1.6e-13 2.4e-13 3.6e-13
  285    25     9  4.8e-14 5.6e-14 5.8e-14 6.1e-14 6.7e-14 7.6e-14 8.9e-14 1.0e-13 1.3e-13 1.7e-13 2.6e-13
  286    25    10  2.8e-14 3.9e-14 5.5e-14 7.1e-14 1.0e-13 1.5e-13 2.1e-13 2.8e-13 5.1e-13 1.2e-12 3.1e-12
  287    25    11  7.7e-14 9.0e-14 9.3e-14 9.6e-14 1.0e-13 1.3e-13 1.7e-13 2.2e-13 2.9e-13 4.5e-13 7.3e-13
  288    25    12  4.6e-14 6.6e-14 9.0e-14 1.2e-13 1.8e-13 2.9e-13 4.4e-13 6.3e-13 1.2e-12 3.4e-12 9.4e-12
  289    25    13  9.7e-14 1.2e-13 1.2e-13 1.3e-13 1.7e-13 2.7e-13 4.5e-13 6.7e-13 1.1e-12 2.6e-12 6.2e-12
  290    25    14  4.7e-14 7.2e-14 1.0e-13 1.5e-13 3.1e-13 5.8e-13 9.3e-13 1.3e-12 2.9e-12 9.1e-12 2.9e-11
  291    25    15  1.1e-13 1.5e-13 1.8e-13 2.5e-13 5.2e-13 9.7e-13 1.6e-12 2.3e-12 4.6e-12 1.3e-11 3.6e-11
  292    25    16  7.2e-14 1.1e-13 1.9e-13 3.3e-13 7.6e-13 1.4e-12 2.1e-12 2.8e-12 5.5e-12 1.4e-11 3.9e-11
  293    25    17  1.8e-13 2.8e-13 5.3e-13 1.0e-12 2.2e-12 3.7e-12 5.4e-12 7.0e-12 1.3e-11 3.0e-11 7.1e-11
  294    25    18  1.3e-13 2.2e-13 4.7e-13 8.8e-13 1.8e-12 2.9e-12 4.0e-12 5.1e-12 8.4e-12 1.7e-11 3.7e-11
  295    25    19  4.6e-13 1.2e-12 2.8e-12 5.0e-12 8.8e-12 1.3e-11 1.6e-11 1.9e-11 2.7e-11 4.5e-11 7.9e-11
  296    25    20  2.8e-13 5.5e-13 1.0e-12 1.6e-12 2.8e-12 4.1e-12 5.3e-12 6.4e-12 8.8e-12 1.4e-11 2.4e-11
  297    25    21  2.0e-12 5.7e-12 1.2e-11 1.8e-11 2.6e-11 3.3e-11 3.8e-11 4.2e-11 5.1e-11 6.9e-11 9.5e-11
  298    25    22  2.5e-12 4.2e-12 5.4e-12 6.3e-12 7.7e-12 9.0e-12 1.0e-11 1.1e-11 1.4e-11 1.9e-11 2.6e-11
  299    25    23  1.4e-11 3.8e-11 6.4e-11 8.1e-11 9.8e-11 1.1e-10 1.2e-10 1.2e-10 1.3e-10 1.6e-10 1.9e-10
  300    25    24  2.0e-11 2.5e-11 2.6e-11 2.6e-11 2.5e-11 2.4e-11 2.4e-11 2.4e-11 2.8e-11 3.2e-11 3.5e-11
  301    26     1  5.4e-16 6.1e-16 7.3e-16 7.6e-16 7.0e-16 6.4e-16 6.2e-16 6.4e-16 6.3e-16 6.4e-16 6.9e-16
  302    26     2  1.6e-15 1.9e-15 2.2e-15 2.3e-15 2.2e-15 2.0e-15 2.0e-15 2.1e-15 2.2e-15 2.4e-15 2.8e-15
  303    26     3  2.8e-15 3.2e-15 3.9e-15 4.1e-15 3.9e-15 3.7e-15 3.7e-15 3.9e-15 4.4e-15 5.2e-15 6.3e-15
  304    26     4  4.2e-15 4.8e-15 5.8e-15 6.2e-15 6.1e-15 5.9e-15 6.2e-15 6.7e-15 7.8e-15 9.9e-15 1.3e-14
  305    26     5  5.7e-15 6.6e-15 8.0e-15 8.7e-15 8.9e-15 9.0e-15 9.7e-15 1.1e-14 1.3e-14 1.8e-14 2.5e-14
  306    26     6  8.4e-15 1.0e-14 1.1e-14 1.2e-14 1.3e-14 1.4e-14 1.7e-14 2.1e-14 3.0e-14 5.2e-14 9.5e-14
  307    26     7  6.8e-15 8.8e-15 1.2e-14 1.6e-14 2.2e-14 3.0e-14 3.9e-14 4.9e-14 1.0e-13 2.9e-13 8.1e-13
  308    26     8  2.2e-14 2.4e-14 2.5e-14 2.6e-14 3.0e-14 3.5e-14 4.2e-14 5.0e-14 6.7e-14 1.1e-13 1.8e-13
  309    26     9  1.3e-14 1.8e-14 2.6e-14 3.4e-14 5.1e-14 7.1e-14 9.4e-14 1.2e-13 1.6e-13 2.5e-13 3.7e-13
  310    26    10  4.6e-14 5.5e-14 5.8e-14 6.1e-14 6.8e-14 7.7e-14 9.1e-14 1.1e-13 1.3e-13 1.8e-13 2.6e-13
  311    26    11  2.7e-14 3.8e-14 5.4e-14 7.1e-14 1.0e-13 1.5e-13 2.1e-13 2.8e-13 5.2e-13 1.3e-12 3.1e-12
  312    26    12  7.3e-14 8.8e-14 9.2e-14 9.5e-14 1.0e-13 1.3e-13 1.7e-13 2.3e-13 2.9e-13 4.5e-13 7.3e-13
  313    26    13  4.4e-14 6.4e-14 8.9e-14 1.2e-13 1.8e-13 2.9e-13 4.5e-13 6.3e-13 1.2e-12 3.4e-12 9.4e-12
  314    26    14  9.1e-14 1.1e-13 1.2e-13 1.3e-13 1.7e-13 2.7e-13 4.5e-13 6.8e-13 1.1e-12 2.6e-12 6.1e-12
  315    26    15  4.4e-14 7.0e-14 1.0e-13 1.5e-13 3.1e-13 5.8e-13 9.4e-13 1.4e-12 2.9e-12 9.1e-12 2.9e-11
  316    26    16  1.1e-13 1.4e-13 1.7e-13 2.5e-13 5.1e-13 9.7e-13 1.6e-12 2.3e-12 4.6e-12 1.3e-11 3.6e-11
  317    26    17  6.8e-14 1.1e-13 1.9e-13 3.3e-13 7.5e-13 1.4e-12 2.1e-12 2.8e-12 5.4e-12 1.4e-11 3.9e-11
  318    26    18  1.7e-13 2.7e-13 5.2e-13 9.9e-13 2.2e-12 3.7e-12 5.4e-12 7.0e-12 1.3e-11 3.0e-11 7.1e-11
  319    26    19  1.2e-13 2.1e-13 4.6e-13 8.7e-13 1.8e-12 2.9e-12 4.0e-12 5.1e-12 8.3e-12 1.7e-11 3.6e-11
  320    26    20  4.3e-13 1.1e-12 2.8e-12 4.9e-12 8.8e-12 1.3e-11 1.6e-11 1.9e-11 2.7e-11 4.5e-11 7.8e-11
  321    26    21  2.6e-13 5.3e-13 9.7e-13 1.6e-12 2.8e-12 4.0e-12 5.3e-12 6.4e-12 8.8e-12 1.4e-11 2.4e-11
  322    26    22  1.9e-12 5.5e-12 1.2e-11 1.8e-11 2.6e-11 3.3e-11 3.8e-11 4.2e-11 5.0e-11 6.8e-11 9.4e-11
  323    26    23  2.4e-12 4.0e-12 5.3e-12 6.2e-12 7.6e-12 8.9e-12 1.0e-11 1.1e-11 1.4e-11 1.9e-11 2.6e-11
  324    26    24  1.3e-11 3.7e-11 6.3e-11 8.0e-11 9.7e-11 1.1e-10 1.1e-10 1.2e-10 1.3e-10 1.6e-10 1.9e-10
  325    26    25  1.8e-11 2.4e-11 2.6e-11 2.5e-11 2.4e-11 2.4e-11 2.4e-11 2.4e-11 2.7e-11 3.1e-11 3.5e-11
  326    27     1  4.1e-16 4.6e-16 5.6e-16 5.8e-16 5.1e-16 4.5e-16 4.2e-16 4.3e-16 3.9e-16 3.7e-16 3.6e-16
  327    27     2  1.3e-15 1.4e-15 1.7e-15 1.8e-15 1.6e-15 1.4e-15 1.4e-15 1.4e-15 1.3e-15 1.4e-15 1.4e-15
  328    27     3  2.2e-15 2.5e-15 3.0e-15 3.1e-15 2.9e-15 2.6e-15 2.5e-15 2.6e-15 2.7e-15 3.0e-15 3.5e-15
  329    27     4  3.2e-15 3.7e-15 4.5e-15 4.7e-15 4.5e-15 4.2e-15 4.2e-15 4.4e-15 4.9e-15 5.8e-15 7.1e-15
  330    27     5  4.3e-15 5.1e-15 6.2e-15 6.7e-15 6.5e-15 6.4e-15 6.6e-15 7.2e-15 8.4e-15 1.1e-14 1.4e-14
  331    27     6  5.7e-15 6.8e-15 8.4e-15 9.1e-15 9.3e-15 9.5e-15 1.0e-14 1.1e-14 1.4e-14 1.9e-14 2.6e-14
  332    27     7  8.3e-15 1.0e-14 1.1e-14 1.2e-14 1.3e-14 1.5e-14 1.8e-14 2.2e-14 3.1e-14 5.3e-14 9.7e-14
  333    27     8  6.6e-15 8.6e-15 1.2e-14 1.6e-14 2.3e-14 3.1e-14 4.1e-14 5.1e-14 1.1e-13 3.0e-13 8.4e-13
  334    27     9  2.1e-14 2.4e-14 2.5e-14 2.7e-14 3.0e-14 3.6e-14 4.3e-14 5.2e-14 6.8e-14 1.1e-13 1.8e-13
  335    27    10  1.3e-14 1.7e-14 2.6e-14 3.5e-14 5.2e-14 7.2e-14 9.6e-14 1.2e-13 1.7e-13 2.5e-13 3.8e-13
  336    27    11  4.4e-14 5.4e-14 5.8e-14 6.1e-14 6.8e-14 7.8e-14 9.2e-14 1.1e-13 1.3e-13 1.8e-13 2.6e-13
  337    27    12  2.6e-14 3.7e-14 5.4e-14 7.1e-14 1.1e-13 1.5e-13 2.1e-13 2.8e-13 5.2e-13 1.3e-12 3.1e-12
  338    27    13  6.9e-14 8.5e-14 9.1e-14 9.5e-14 1.0e-13 1.3e-13 1.7e-13 2.3e-13 2.9e-13 4.5e-13 7.2e-13
  339    27    14  4.1e-14 6.2e-14 8.7e-14 1.1e-13 1.8e-13 2.9e-13 4.5e-13 6.4e-13 1.3e-12 3.4e-12 9.4e-12
  340    27    15  8.6e-14 1.1e-13 1.2e-13 1.3e-13 1.7e-13 2.7e-13 4.5e-13 6.8e-13 1.1e-12 2.6e-12 6.1e-12
  341    27    16  4.2e-14 6.7e-14 1.0e-13 1.5e-13 3.1e-13 5.8e-13 9.4e-13 1.4e-12 2.9e-12 9.0e-12 2.9e-11
  342    27    17  1.0e-13 1.4e-13 1.7e-13 2.4e-13 5.1e-13 9.7e-13 1.6e-12 2.3e-12 4.6e-12 1.3e-11 3.6e-11
  343    27    18  6.3e-14 1.1e-13 1.8e-13 3.2e-13 7.5e-13 1.4e-12 2.1e-12 2.8e-12 5.4e-12 1.4e-11 3.8e-11
  344    27    19  1.5e-13 2.6e-13 5.1e-13 9.7e-13 2.2e-12 3.7e-12 5.4e-12 7.0e-12 1.3e-11 3.0e-11 7.1e-11
  345    27    20  1.1e-13 2.1e-13 4.5e-13 8.5e-13 1.8e-12 2.9e-12 4.0e-12 5.1e-12 8.3e-12 1.7e-11 3.6e-11
  346    27    21  4.0e-13 1.1e-12 2.7e-12 4.8e-12 8.7e-12 1.2e-11 1.6e-11 1.9e-11 2.6e-11 4.5e-11 7.7e-11
  347    27    22  2.5e-13 5.1e-13 9.5e-13 1.5e-12 2.7e-12 4.0e-12 5.2e-12 6.4e-12 8.7e-12 1.4e-11 2.3e-11
  348    27    23  1.7e-12 5.3e-12 1.2e-11 1.7e-11 2.6e-11 3.2e-11 3.7e-11 4.2e-11 5.0e-11 6.7e-11 9.3e-11
  349    27    24  2.2e-12 3.9e-12 5.1e-12 6.0e-12 7.5e-12 8.8e-12 1.0e-11 1.1e-11 1.4e-11 1.9e-11 2.6e-11
  350    27    25  1.2e-11 3.5e-11 6.1e-11 7.8e-11 9.6e-11 1.1e-10 1.1e-10 1.2e-10 1.3e-10 1.5e-10 1.8e-10
  351    27    26  1.7e-11 2.3e-11 2.5e-11 2.5e-11 2.4e-11 2.4e-11 2.4e-11 2.4e-11 2.7e-11 3.1e-11 3.5e-11
  352    28     1  3.1e-16 3.6e-16 4.3e-16 4.5e-16 3.8e-16 3.1e-16 2.9e-16 2.8e-16 2.4e-16 2.1e-16 1.9e-16
  353    28     2  9.6e-16 1.1e-15 1.3e-15 1.4e-15 1.2e-15 9.9e-16 9.2e-16 9.1e-16 8.4e-16 7.8e-16 7.7e-16
  354    28     3  1.6e-15 1.9e-15 2.3e-15 2.4e-15 2.1e-15 1.8e-15 1.7e-15 1.7e-15 1.7e-15 1.7e-15 1.8e-15
  355    28     4  2.4e-15 2.8e-15 3.4e-15 3.6e-15 3.3e-15 2.9e-15 2.9e-15 2.9e-15 3.1e-15 3.4e-15 3.9e-15
  356    28     5  3.3e-15 3.9e-15 4.8e-15 5.1e-15 4.8e-15 4.5e-15 4.5e-15 4.8e-15 5.3e-15 6.2e-15 7.5e-15
  357    28     6  4.4e-15 5.2e-15 6.5e-15 7.0e-15 6.8e-15 6.7e-15 7.0e-15 7.6e-15 8.8e-15 1.1e-14 1.4e-14
  358    28     7  5.6e-15 6.8e-15 8.5e-15 9.4e-15 9.6e-15 9.8e-15 1.1e-14 1.2e-14 1.4e-14 1.9e-14 2.7e-14
  359    28     8  8.0e-15 1.0e-14 1.1e-14 1.2e-14 1.3e-14 1.5e-14 1.9e-14 2.3e-14 3.2e-14 5.5e-14 9.9e-14
  360    28     9  6.3e-15 8.5e-15 1.2e-14 1.6e-14 2.4e-14 3.2e-14 4.2e-14 5.2e-14 1.1e-13 3.0e-13 8.6e-13
  361    28    10  2.0e-14 2.3e-14 2.5e-14 2.7e-14 3.0e-14 3.6e-14 4.4e-14 5.3e-14 6.9e-14 1.1e-13 1.8e-13
  362    28    11  1.2e-14 1.7e-14 2.5e-14 3.5e-14 5.2e-14 7.3e-14 9.7e-14 1.2e-13 1.7e-13 2.6e-13 3.9e-13
  363    28    12  4.2e-14 5.2e-14 5.7e-14 6.1e-14 6.9e-14 7.9e-14 9.3e-14 1.1e-13 1.3e-13 1.8e-13 2.6e-13
  364    28    13  2.4e-14 3.6e-14 5.3e-14 7.1e-14 1.1e-13 1.5e-13 2.1e-13 2.9e-13 5.2e-13 1.3e-12 3.2e-12
  365    28    14  6.5e-14 8.3e-14 9.0e-14 9.4e-14 1.0e-13 1.3e-13 1.7e-13 2.3e-13 2.9e-13 4.4e-13 7.2e-13
  366    28    15  3.9e-14 6.0e-14 8.6e-14 1.1e-13 1.8e-13 3.0e-13 4.5e-13 6.4e-13 1.3e-12 3.4e-12 9.3e-12
  367    28    16  8.1e-14 1.1e-13 1.2e-13 1.3e-13 1.7e-13 2.7e-13 4.5e-13 6.9e-13 1.1e-12 2.5e-12 6.0e-12
  368    28    17  3.9e-14 6.5e-14 9.8e-14 1.5e-13 3.1e-13 5.8e-13 9.4e-13 1.4e-12 2.9e-12 9.0e-12 2.8e-11
  369    28    18  9.3e-14 1.3e-13 1.7e-13 2.4e-13 5.1e-13 9.7e-13 1.6e-12 2.3e-12 4.5e-12 1.2e-11 3.5e-11
  370    28    19  5.9e-14 1.0e-13 1.8e-13 3.2e-13 7.4e-13 1.3e-12 2.1e-12 2.8e-12 5.4e-12 1.4e-11 3.8e-11
  371    28    20  1.4e-13 2.5e-13 5.0e-13 9.6e-13 2.2e-12 3.7e-12 5.3e-12 7.0e-12 1.3e-11 2.9e-11 7.0e-11
  372    28    21  1.1e-13 2.0e-13 4.4e-13 8.4e-13 1.8e-12 2.9e-12 4.0e-12 5.1e-12 8.2e-12 1.7e-11 3.6e-11
  373    28    22  3.8e-13 1.0e-12 2.6e-12 4.7e-12 8.6e-12 1.2e-11 1.6e-11 1.9e-11 2.6e-11 4.4e-11 7.6e-11
  374    28    23  2.3e-13 4.9e-13 9.2e-13 1.5e-12 2.7e-12 4.0e-12 5.2e-12 6.3e-12 8.6e-12 1.4e-11 2.3e-11
  375    28    24  1.6e-12 5.1e-12 1.1e-11 1.7e-11 2.5e-11 3.2e-11 3.7e-11 4.1e-11 5.0e-11 6.6e-11 9.1e-11
  376    28    25  2.1e-12 3.7e-12 5.0e-12 5.9e-12 7.4e-12 8.7e-12 1.0e-11 1.1e-11 1.3e-11 1.8e-11 2.5e-11
  377    28    26  1.1e-11 3.3e-11 5.9e-11 7.6e-11 9.4e-11 1.0e-10 1.1e-10 1.2e-10 1.3e-10 1.5e-10 1.8e-10
  378    28    27  1.6e-11 2.2e-11 2.4e-11 2.4e-11 2.4e-11 2.3e-11 2.4e-11 2.4e-11 2.7e-11 3.1e-11 3.5e-11
  379    29     1  2.4e-16 2.7e-16 3.3e-16 3.4e-16 2.8e-16 2.2e-16 2.0e-16 1.9e-16 1.5e-16 1.2e-16 9.8e-17
  380    29     2  7.3e-16 8.3e-16 1.0e-15 1.0e-15 8.6e-16 7.0e-16 6.2e-16 6.0e-16 5.2e-16 4.4e-16 4.0e-16
  381    29     3  1.3e-15 1.5e-15 1.8e-15 1.8e-15 1.5e-15 1.3e-15 1.2e-15 1.1e-15 1.1e-15 9.8e-16 9.6e-16
  382    29     4  1.9e-15 2.1e-15 2.7e-15 2.8e-15 2.4e-15 2.1e-15 2.0e-15 2.0e-15 1.9e-15 1.9e-15 2.0e-15
  383    29     5  2.5e-15 3.0e-15 3.7e-15 3.9e-15 3.5e-15 3.2e-15 3.1e-15 3.2e-15 3.3e-15 3.6e-15 4.1e-15
  384    29     6  3.3e-15 4.0e-15 5.0e-15 5.3e-15 5.0e-15 4.7e-15 4.8e-15 5.0e-15 5.5e-15 6.5e-15 7.9e-15
  385    29     7  4.3e-15 5.2e-15 6.6e-15 7.2e-15 7.1e-15 6.9e-15 7.3e-15 7.9e-15 9.2e-15 1.1e-14 1.5e-14
  386    29     8  5.4e-15 6.8e-15 8.6e-15 9.5e-15 9.8e-15 1.0e-14 1.1e-14 1.2e-14 1.5e-14 2.0e-14 2.8e-14
  387    29     9  7.7e-15 9.9e-15 1.1e-14 1.2e-14 1.3e-14 1.6e-14 1.9e-14 2.4e-14 3.3e-14 5.6e-14 1.0e-13
  388    29    10  6.0e-15 8.3e-15 1.2e-14 1.6e-14 2.4e-14 3.3e-14 4.3e-14 5.3e-14 1.1e-13 3.1e-13 8.8e-13
  389    29    11  1.9e-14 2.3e-14 2.5e-14 2.7e-14 3.1e-14 3.7e-14 4.5e-14 5.4e-14 7.0e-14 1.1e-13 1.8e-13
  390    29    12  1.1e-14 1.6e-14 2.5e-14 3.5e-14 5.2e-14 7.4e-14 9.9e-14 1.3e-13 1.7e-13 2.6e-13 3.9e-13
  391    29    13  4.0e-14 5.1e-14 5.7e-14 6.1e-14 6.9e-14 8.0e-14 9.4e-14 1.1e-13 1.3e-13 1.8e-13 2.6e-13
  392    29    14  2.3e-14 3.5e-14 5.2e-14 7.0e-14 1.1e-13 1.5e-13 2.2e-13 2.9e-13 5.3e-13 1.3e-12 3.1e-12
  393    29    15  6.2e-14 8.0e-14 8.9e-14 9.4e-14 1.0e-13 1.3e-13 1.7e-13 2.3e-13 2.9e-13 4.4e-13 7.1e-13
  394    29    16  3.7e-14 5.8e-14 8.4e-14 1.1e-13 1.8e-13 3.0e-13 4.5e-13 6.5e-13 1.3e-12 3.3e-12 9.3e-12
  395    29    17  7.6e-14 1.0e-13 1.1e-13 1.2e-13 1.7e-13 2.7e-13 4.5e-13 6.9e-13 1.1e-12 2.5e-12 5.9e-12
  396    29    18  3.7e-14 6.2e-14 9.6e-14 1.5e-13 3.1e-13 5.8e-13 9.4e-13 1.4e-12 2.9e-12 8.9e-12 2.8e-11
  397    29    19  8.8e-14 1.2e-13 1.6e-13 2.4e-13 5.0e-13 9.7e-13 1.6e-12 2.3e-12 4.5e-12 1.2e-11 3.5e-11
  398    29    20  5.6e-14 9.8e-14 1.7e-13 3.1e-13 7.3e-13 1.3e-12 2.1e-12 2.8e-12 5.3e-12 1.4e-11 3.8e-11
  399    29    21  1.4e-13 2.4e-13 4.8e-13 9.4e-13 2.1e-12 3.7e-12 5.3e-12 7.0e-12 1.3e-11 2.9e-11 7.0e-11
  400    29    22  1.0e-13 1.9e-13 4.3e-13 8.2e-13 1.8e-12 2.9e-12 4.0e-12 5.0e-12 8.2e-12 1.7e-11 3.5e-11
  401    29    23  3.5e-13 1.0e-12 2.6e-12 4.6e-12 8.5e-12 1.2e-11 1.6e-11 1.9e-11 2.6e-11 4.4e-11 7.5e-11
  402    29    24  2.2e-13 4.7e-13 9.0e-13 1.5e-12 2.7e-12 3.9e-12 5.2e-12 6.3e-12 8.5e-12 1.4e-11 2.3e-11
  403    29    25  1.5e-12 4.8e-12 1.1e-11 1.7e-11 2.5e-11 3.2e-11 3.7e-11 4.1e-11 4.9e-11 6.6e-11 9.0e-11
  404    29    26  1.9e-12 3.5e-12 4.8e-12 5.8e-12 7.2e-12 8.6e-12 9.9e-12 1.1e-11 1.3e-11 1.8e-11 2.5e-11
  405    29    27  1.1e-11 3.2e-11 5.8e-11 7.5e-11 9.3e-11 1.0e-10 1.1e-10 1.2e-10 1.3e-10 1.5e-10 1.8e-10
  406    29    28  1.5e-11 2.1e-11 2.3e-11 2.3e-11 2.3e-11 2.3e-11 2.3e-11 2.4e-11 2.7e-11 3.1e-11 3.5e-11
  407    30     1  1.8e-16 2.1e-16 2.6e-16 2.6e-16 2.0e-16 1.6e-16 1.3e-16 1.2e-16 9.3e-17 6.6e-17 5.0e-17
  408    30     2  5.6e-16 6.4e-16 7.9e-16 8.0e-16 6.3e-16 4.9e-16 4.3e-16 4.0e-16 3.2e-16 2.5e-16 2.1e-16
  409    30     3  9.6e-16 1.1e-15 1.4e-15 1.4e-15 1.1e-15 9.0e-16 8.0e-16 7.7e-16 6.6e-16 5.6e-16 5.0e-16
  410    30     4  1.4e-15 1.6e-15 2.1e-15 2.1e-15 1.8e-15 1.5e-15 1.3e-15 1.3e-15 1.2e-15 1.1e-15 1.1e-15
  411    30     5  1.9e-15 2.3e-15 2.9e-15 3.0e-15 2.6e-15 2.2e-15 2.1e-15 2.1e-15 2.1e-15 2.1e-15 2.2e-15
  412    30     6  2.5e-15 3.0e-15 3.8e-15 4.1e-15 3.7e-15 3.3e-15 3.2e-15 3.3e-15 3.5e-15 3.8e-15 4.3e-15
  413    30     7  3.3e-15 4.0e-15 5.1e-15 5.5e-15 5.2e-15 4.9e-15 4.9e-15 5.2e-15 5.8e-15 6.7e-15 8.1e-15
  414    30     8  4.2e-15 5.2e-15 6.7e-15 7.3e-15 7.2e-15 7.1e-15 7.5e-15 8.1e-15 9.5e-15 1.2e-14 1.5e-14
  415    30     9  5.2e-15 6.7e-15 8.6e-15 9.6e-15 1.0e-14 1.0e-14 1.1e-14 1.3e-14 1.5e-14 2.1e-14 2.8e-14
  416    30    10  7.4e-15 9.7e-15 1.1e-14 1.2e-14 1.4e-14 1.6e-14 1.9e-14 2.4e-14 3.3e-14 5.6e-14 1.0e-13
  417    30    11  5.7e-15 8.1e-15 1.2e-14 1.6e-14 2.4e-14 3.3e-14 4.3e-14 5.5e-14 1.1e-13 3.1e-13 8.9e-13
  418    30    12  1.8e-14 2.2e-14 2.5e-14 2.7e-14 3.1e-14 3.7e-14 4.6e-14 5.5e-14 7.1e-14 1.1e-13 1.8e-13
  419    30    13  1.1e-14 1.6e-14 2.5e-14 3.4e-14 5.3e-14 7.4e-14 1.0e-13 1.3e-13 1.8e-13 2.7e-13 4.0e-13
  420    30    14  3.8e-14 4.9e-14 5.6e-14 6.0e-14 6.9e-14 8.0e-14 9.5e-14 1.1e-13 1.3e-13 1.8e-13 2.6e-13
  421    30    15  2.2e-14 3.4e-14 5.1e-14 7.0e-14 1.1e-13 1.5e-13 2.2e-13 2.9e-13 5.3e-13 1.3e-12 3.1e-12
  422    30    16  5.8e-14 7.7e-14 8.7e-14 9.2e-14 1.0e-13 1.3e-13 1.7e-13 2.3e-13 2.9e-13 4.4e-13 7.1e-13
  423    30    17  3.5e-14 5.6e-14 8.2e-14 1.1e-13 1.8e-13 3.0e-13 4.5e-13 6.5e-13 1.2e-12 3.3e-12 9.2e-12
  424    30    18  7.2e-14 1.0e-13 1.1e-13 1.2e-13 1.7e-13 2.7e-13 4.5e-13 6.9e-13 1.1e-12 2.5e-12 5.9e-12
  425    30    19  3.4e-14 6.0e-14 9.4e-14 1.4e-13 3.1e-13 5.8e-13 9.4e-13 1.4e-12 2.9e-12 8.8e-12 2.8e-11
  426    30    20  8.2e-14 1.2e-13 1.6e-13 2.3e-13 5.0e-13 9.6e-13 1.6e-12 2.3e-12 4.5e-12 1.2e-11 3.5e-11
  427    30    21  5.2e-14 9.4e-14 1.7e-13 3.1e-13 7.3e-13 1.3e-12 2.0e-12 2.8e-12 5.3e-12 1.4e-11 3.7e-11
  428    30    22  1.3e-13 2.3e-13 4.7e-13 9.3e-13 2.1e-12 3.6e-12 5.3e-12 7.0e-12 1.2e-11 2.9e-11 6.9e-11
  429    30    23  9.4e-14 1.8e-13 4.1e-13 8.1e-13 1.7e-12 2.8e-12 4.0e-12 5.0e-12 8.1e-12 1.7e-11 3.5e-11
  430    30    24  3.3e-13 9.7e-13 2.5e-12 4.5e-12 8.4e-12 1.2e-11 1.6e-11 1.8e-11 2.6e-11 4.3e-11 7.4e-11
  431    30    25  2.0e-13 4.5e-13 8.7e-13 1.5e-12 2.6e-12 3.9e-12 5.1e-12 6.3e-12 8.4e-12 1.4e-11 2.3e-11
  432    30    26  1.4e-12 4.6e-12 1.0e-11 1.6e-11 2.5e-11 3.1e-11 3.7e-11 4.1e-11 4.9e-11 6.5e-11 8.9e-11
  433    30    27  1.8e-12 3.4e-12 4.7e-12 5.7e-12 7.1e-12 8.5e-12 9.8e-12 1.1e-11 1.3e-11 1.8e-11 2.5e-11
  434    30    28  9.9e-12 3.0e-11 5.6e-11 7.3e-11 9.1e-11 1.0e-10 1.1e-10 1.2e-10 1.3e-10 1.5e-10 1.8e-10
  435    30    29  1.4e-11 2.0e-11 2.3e-11 2.3e-11 2.3e-11 2.3e-11 2.3e-11 2.3e-11 2.7e-11 3.1e-11 3.5e-11
  436    31     1  1.4e-16 1.6e-16 2.0e-16 2.0e-16 1.5e-16 1.1e-16 9.1e-17 8.2e-17 5.8e-17 3.7e-17 2.5e-17
  437    31     2  4.3e-16 4.9e-16 6.1e-16 6.1e-16 4.7e-16 3.5e-16 2.9e-16 2.7e-16 2.0e-16 1.4e-16 1.1e-16
  438    31     3  7.4e-16 8.5e-16 1.1e-15 1.1e-15 8.4e-16 6.4e-16 5.4e-16 5.1e-16 4.1e-16 3.2e-16 2.6e-16
  439    31     4  1.1e-15 1.3e-15 1.6e-15 1.6e-15 1.3e-15 1.0e-15 9.0e-16 8.6e-16 7.4e-16 6.3e-16 5.6e-16
  440    31     5  1.5e-15 1.8e-15 2.2e-15 2.3e-15 1.9e-15 1.6e-15 1.4e-15 1.4e-15 1.3e-15 1.2e-15 1.1e-15
  441    31     6  1.9e-15 2.3e-15 3.0e-15 3.1e-15 2.7e-15 2.3e-15 2.2e-15 2.2e-15 2.2e-15 2.2e-15 2.3e-15
  442    31     7  2.5e-15 3.1e-15 3.9e-15 4.2e-15 3.8e-15 3.4e-15 3.4e-15 3.5e-15 3.6e-15 3.9e-15 4.5e-15
  443    31     8  3.2e-15 4.0e-15 5.1e-15 5.6e-15 5.3e-15 5.0e-15 5.1e-15 5.4e-15 6.0e-15 6.9e-15 8.4e-15
  444    31     9  4.0e-15 5.1e-15 6.7e-15 7.3e-15 7.3e-15 7.3e-15 7.7e-15 8.4e-15 9.7e-15 1.2e-14 1.6e-14
  445    31    10  5.0e-15 6.5e-15 8.6e-15 9.6e-15 1.0e-14 1.0e-14 1.1e-14 1.3e-14 1.6e-14 2.1e-14 2.9e-14
  446    31    11  7.1e-15 9.4e-15 1.1e-14 1.2e-14 1.4e-14 1.6e-14 2.0e-14 2.5e-14 3.4e-14 5.7e-14 1.0e-13
  447    31    12  5.4e-15 7.8e-15 1.2e-14 1.6e-14 2.4e-14 3.4e-14 4.4e-14 5.6e-14 1.1e-13 3.2e-13 9.0e-13
  448    31    13  1.7e-14 2.2e-14 2.5e-14 2.7e-14 3.1e-14 3.8e-14 4.6e-14 5.5e-14 7.1e-14 1.1e-13 1.8e-13
  449    31    14  1.0e-14 1.5e-14 2.4e-14 3.4e-14 5.3e-14 7.5e-14 1.0e-13 1.3e-13 1.8e-13 2.7e-13 4.1e-13
  450    31    15  3.6e-14 4.8e-14 5.5e-14 6.0e-14 6.9e-14 8.0e-14 9.5e-14 1.1e-13 1.3e-13 1.8e-13 2.6e-13
  451    31    16  2.1e-14 3.2e-14 5.0e-14 6.9e-14 1.1e-13 1.5e-13 2.2e-13 3.0e-13 5.3e-13 1.3e-12 3.1e-12
  452    31    17  5.5e-14 7.5e-14 8.5e-14 9.1e-14 1.0e-13 1.3e-13 1.7e-13 2.3e-13 2.9e-13 4.4e-13 7.0e-13
  453    31    18  3.3e-14 5.4e-14 8.1e-14 1.1e-13 1.8e-13 2.9e-13 4.5e-13 6.5e-13 1.2e-12 3.3e-12 9.1e-12
  454    31    19  6.7e-14 9.6e-14 1.1e-13 1.2e-13 1.7e-13 2.7e-13 4.5e-13 6.9e-13 1.1e-12 2.5e-12 5.8e-12
  455    31    20  3.2e-14 5.7e-14 9.2e-14 1.4e-13 3.0e-13 5.7e-13 9.4e-13 1.4e-12 2.9e-12 8.7e-12 2.7e-11
  456    31    21  7.7e-14 1.1e-13 1.5e-13 2.3e-13 5.0e-13 9.6e-13 1.6e-12 2.3e-12 4.5e-12 1.2e-11 3.4e-11
  457    31    22  4.9e-14 9.0e-14 1.6e-13 3.0e-13 7.2e-13 1.3e-12 2.0e-12 2.8e-12 5.2e-12 1.4e-11 3.7e-11
  458    31    23  1.2e-13 2.2e-13 4.6e-13 9.1e-13 2.1e-12 3.6e-12 5.3e-12 6.9e-12 1.2e-11 2.9e-11 6.8e-11
  459    31    24  8.8e-14 1.7e-13 4.0e-13 7.9e-13 1.7e-12 2.8e-12 3.9e-12 5.0e-12 8.0e-12 1.6e-11 3.4e-11
  460    31    25  3.1e-13 9.2e-13 2.4e-12 4.4e-12 8.3e-12 1.2e-11 1.5e-11 1.8e-11 2.6e-11 4.3e-11 7.4e-11
  461    31    26  1.9e-13 4.3e-13 8.5e-13 1.4e-12 2.6e-12 3.8e-12 5.1e-12 6.2e-12 8.4e-12 1.3e-11 2.2e-11
  462    31    27  1.3e-12 4.4e-12 1.0e-11 1.6e-11 2.4e-11 3.1e-11 3.6e-11 4.1e-11 4.8e-11 6.4e-11 8.8e-11
  463    31    28  1.7e-12 3.2e-12 4.5e-12 5.5e-12 7.0e-12 8.4e-12 9.7e-12 1.1e-11 1.3e-11 1.8e-11 2.4e-11
  464    31    29  9.2e-12 2.9e-11 5.4e-11 7.1e-11 9.0e-11 1.0e-10 1.1e-10 1.2e-10 1.3e-10 1.5e-10 1.8e-10
  465    31    30  1.3e-11 1.9e-11 2.2e-11 2.2e-11 2.2e-11 2.2e-11 2.3e-11 2.3e-11 2.6e-11 3.1e-11 3.4e-11
  466    32     1  1.1e-16 1.2e-16 1.5e-16 1.5e-16 1.1e-16 7.7e-17 6.2e-17 5.5e-17 3.6e-17 2.0e-17 1.3e-17
  467    32     2  3.3e-16 3.7e-16 4.7e-16 4.7e-16 3.4e-16 2.4e-16 2.0e-16 1.8e-16 1.2e-16 7.9e-17 5.4e-17
  468    32     3  5.6e-16 6.5e-16 8.2e-16 8.2e-16 6.1e-16 4.5e-16 3.7e-16 3.4e-16 2.5e-16 1.8e-16 1.3e-16
  469    32     4  8.3e-16 9.7e-16 1.2e-15 1.2e-15 9.5e-16 7.2e-16 6.1e-16 5.7e-16 4.6e-16 3.6e-16 2.9e-16
  470    32     5  1.1e-15 1.3e-15 1.7e-15 1.8e-15 1.4e-15 1.1e-15 9.7e-16 9.3e-16 8.0e-16 6.7e-16 5.9e-16
  471    32     6  1.5e-15 1.8e-15 2.3e-15 2.4e-15 2.0e-15 1.6e-15 1.5e-15 1.5e-15 1.4e-15 1.2e-15 1.2e-15
  472    32     7  1.9e-15 2.3e-15 3.0e-15 3.2e-15 2.8e-15 2.4e-15 2.3e-15 2.3e-15 2.3e-15 2.2e-15 2.3e-15
  473    32     8  2.4e-15 3.0e-15 4.0e-15 4.3e-15 3.9e-15 3.5e-15 3.5e-15 3.6e-15 3.8e-15 4.1e-15 4.6e-15
  474    32     9  3.1e-15 3.9e-15 5.1e-15 5.6e-15 5.4e-15 5.1e-15 5.2e-15 5.6e-15 6.1e-15 7.1e-15 8.6e-15
  475    32    10  3.8e-15 5.0e-15 6.6e-15 7.4e-15 7.4e-15 7.4e-15 7.8e-15 8.6e-15 1.0e-14 1.2e-14 1.6e-14
  476    32    11  4.8e-15 6.4e-15 8.5e-15 9.6e-15 1.0e-14 1.1e-14 1.2e-14 1.3e-14 1.6e-14 2.1e-14 2.9e-14
  477    32    12  6.7e-15 9.2e-15 1.1e-14 1.2e-14 1.4e-14 1.6e-14 2.0e-14 2.5e-14 3.4e-14 5.7e-14 1.0e-13
  478    32    13  5.1e-15 7.6e-15 1.2e-14 1.6e-14 2.4e-14 3.4e-14 4.5e-14 5.6e-14 1.1e-13 3.2e-13 9.1e-13
  479    32    14  1.6e-14 2.1e-14 2.4e-14 2.7e-14 3.1e-14 3.8e-14 4.6e-14 5.6e-14 7.2e-14 1.1e-13 1.8e-13
  480    32    15  9.6e-15 1.5e-14 2.4e-14 3.4e-14 5.3e-14 7.5e-14 1.0e-13 1.3e-13 1.8e-13 2.8e-13 4.1e-13
  481    32    16  3.4e-14 4.6e-14 5.4e-14 5.9e-14 6.9e-14 8.1e-14 9.6e-14 1.1e-13 1.3e-13 1.8e-13 2.6e-13
  482    32    17  1.9e-14 3.1e-14 4.9e-14 6.8e-14 1.0e-13 1.5e-13 2.2e-13 3.0e-13 5.3e-13 1.2e-12 3.1e-12
  483    32    18  5.2e-14 7.2e-14 8.3e-14 9.0e-14 1.0e-13 1.3e-13 1.7e-13 2.4e-13 2.9e-13 4.3e-13 6.9e-13
  484    32    19  3.1e-14 5.2e-14 7.9e-14 1.1e-13 1.8e-13 2.9e-13 4.5e-13 6.5e-13 1.2e-12 3.3e-12 9.0e-12
  485    32    20  6.3e-14 9.2e-14 1.1e-13 1.2e-13 1.6e-13 2.7e-13 4.5e-13 6.9e-13 1.1e-12 2.4e-12 5.7e-12
  486    32    21  3.0e-14 5.5e-14 8.9e-14 1.4e-13 3.0e-13 5.7e-13 9.4e-13 1.4e-12 2.8e-12 8.6e-12 2.7e-11
  487    32    22  7.2e-14 1.1e-13 1.5e-13 2.2e-13 4.9e-13 9.5e-13 1.6e-12 2.3e-12 4.4e-12 1.2e-11 3.4e-11
  488    32    23  4.6e-14 8.6e-14 1.6e-13 3.0e-13 7.1e-13 1.3e-12 2.0e-12 2.8e-12 5.2e-12 1.3e-11 3.6e-11
  489    32    24  1.1e-13 2.1e-13 4.5e-13 8.9e-13 2.1e-12 3.6e-12 5.2e-12 6.9e-12 1.2e-11 2.8e-11 6.7e-11
  490    32    25  8.2e-14 1.7e-13 3.9e-13 7.8e-13 1.7e-12 2.8e-12 3.9e-12 5.0e-12 7.9e-12 1.6e-11 3.4e-11
  491    32    26  2.9e-13 8.8e-13 2.4e-12 4.3e-12 8.1e-12 1.2e-11 1.5e-11 1.8e-11 2.5e-11 4.2e-11 7.3e-11
  492    32    27  1.8e-13 4.1e-13 8.2e-13 1.4e-12 2.5e-12 3.8e-12 5.0e-12 6.2e-12 8.3e-12 1.3e-11 2.2e-11
  493    32    28  1.2e-12 4.2e-12 9.9e-12 1.6e-11 2.4e-11 3.1e-11 3.6e-11 4.0e-11 4.8e-11 6.3e-11 8.7e-11
  494    32    29  1.6e-12 3.1e-12 4.4e-12 5.4e-12 6.9e-12 8.3e-12 9.6e-12 1.1e-11 1.3e-11 1.7e-11 2.4e-11
  495    32    30  8.6e-12 2.8e-11 5.2e-11 7.0e-11 8.8e-11 1.0e-10 1.1e-10 1.1e-10 1.2e-10 1.5e-10 1.7e-10
  496    32    31  1.2e-11 1.8e-11 2.1e-11 2.2e-11 2.2e-11 2.2e-11 2.3e-11 2.3e-11 2.6e-11 3.0e-11 3.4e-11
  497    33     1  8.2e-17 9.4e-17 1.2e-16 1.2e-16 8.1e-17 5.4e-17 4.2e-17 3.6e-17 2.2e-17 1.1e-17 6.3e-18
  498    33     2  2.5e-16 2.9e-16 3.6e-16 3.6e-16 2.5e-16 1.7e-16 1.3e-16 1.2e-16 7.6e-17 4.3e-17 2.7e-17
  499    33     3  4.3e-16 5.0e-16 6.3e-16 6.3e-16 4.5e-16 3.1e-16 2.5e-16 2.2e-16 1.6e-16 9.9e-17 6.7e-17
  500    33     4  6.3e-16 7.4e-16 9.4e-16 9.5e-16 7.0e-16 5.1e-16 4.2e-16 3.8e-16 2.9e-16 2.0e-16 1.5e-16
  501    33     5  8.6e-16 1.0e-15 1.3e-15 1.3e-15 1.0e-15 7.7e-16 6.6e-16 6.2e-16 5.0e-16 3.8e-16 3.1e-16
  502    33     6  1.1e-15 1.4e-15 1.8e-15 1.8e-15 1.5e-15 1.2e-15 1.0e-15 9.8e-16 8.5e-16 7.1e-16 6.2e-16
  503    33     7  1.5e-15 1.8e-15 2.3e-15 2.4e-15 2.1e-15 1.7e-15 1.6e-15 1.5e-15 1.4e-15 1.3e-15 1.2e-15
  504    33     8  1.9e-15 2.3e-15 3.1e-15 3.3e-15 2.9e-15 2.5e-15 2.4e-15 2.4e-15 2.3e-15 2.3e-15 2.4e-15
  505    33     9  2.3e-15 3.0e-15 4.0e-15 4.3e-15 4.0e-15 3.6e-15 3.6e-15 3.7e-15 3.9e-15 4.2e-15 4.7e-15
  506    33    10  2.9e-15 3.8e-15 5.1e-15 5.6e-15 5.5e-15 5.2e-15 5.3e-15 5.7e-15 6.3e-15 7.3e-15 8.7e-15
  507    33    11  3.7e-15 4.9e-15 6.6e-15 7.4e-15 7.5e-15 7.5e-15 8.0e-15 8.8e-15 1.0e-14 1.3e-14 1.6e-14
  508    33    12  4.5e-15 6.2e-15 8.4e-15 9.6e-15 1.0e-14 1.1e-14 1.2e-14 1.3e-14 1.6e-14 2.2e-14 3.0e-14
  509    33    13  6.4e-15 8.9e-15 1.1e-14 1.2e-14 1.4e-14 1.6e-14 2.0e-14 2.5e-14 3.4e-14 5.7e-14 1.0e-13
  510    33    14  4.8e-15 7.3e-15 1.2e-14 1.6e-14 2.4e-14 3.4e-14 4.5e-14 5.7e-14 1.2e-13 3.2e-13 9.1e-13
  511    33    15  1.6e-14 2.0e-14 2.4e-14 2.6e-14 3.1e-14 3.8e-14 4.7e-14 5.7e-14 7.2e-14 1.1e-13 1.8e-13
  512    33    16  9.0e-15 1.4e-14 2.4e-14 3.4e-14 5.3e-14 7.5e-14 1.0e-13 1.3e-13 1.8e-13 2.8e-13 4.2e-13
  513    33    17  3.2e-14 4.5e-14 5.3e-14 5.9e-14 6.8e-14 8.1e-14 9.6e-14 1.1e-13 1.3e-13 1.8e-13 2.6e-13
  514    33    18  1.8e-14 3.0e-14 4.8e-14 6.7e-14 1.0e-13 1.5e-13 2.2e-13 3.0e-13 5.3e-13 1.2e-12 3.1e-12
  515    33    19  4.9e-14 6.9e-14 8.1e-14 8.9e-14 1.0e-13 1.3e-13 1.7e-13 2.4e-13 2.9e-13 4.3e-13 6.8e-13
  516    33    20  2.9e-14 5.0e-14 7.7e-14 1.1e-13 1.8e-13 2.9e-13 4.5e-13 6.5e-13 1.2e-12 3.2e-12 8.9e-12
  517    33    21  5.9e-14 8.9e-14 1.0e-13 1.2e-13 1.6e-13 2.7e-13 4.5e-13 6.9e-13 1.1e-12 2.4e-12 5.6e-12
  518    33    22  2.8e-14 5.3e-14 8.7e-14 1.4e-13 3.0e-13 5.7e-13 9.3e-13 1.4e-12 2.8e-12 8.4e-12 2.7e-11
  519    33    23  6.8e-14 1.1e-13 1.5e-13 2.2e-13 4.8e-13 9.4e-13 1.6e-12 2.3e-12 4.4e-12 1.2e-11 3.3e-11
  520    33    24  4.3e-14 8.2e-14 1.5e-13 2.9e-13 7.0e-13 1.3e-12 2.0e-12 2.8e-12 5.2e-12 1.3e-11 3.5e-11
  521    33    25  1.0e-13 2.0e-13 4.3e-13 8.7e-13 2.0e-12 3.6e-12 5.2e-12 6.9e-12 1.2e-11 2.8e-11 6.7e-11
  522    33    26  7.7e-14 1.6e-13 3.8e-13 7.6e-13 1.7e-12 2.8e-12 3.9e-12 4.9e-12 7.9e-12 1.6e-11 3.3e-11
  523    33    27  2.7e-13 8.4e-13 2.3e-12 4.3e-12 8.0e-12 1.2e-11 1.5e-11 1.8e-11 2.5e-11 4.2e-11 7.2e-11
  524    33    28  1.6e-13 3.9e-13 8.0e-13 1.3e-12 2.5e-12 3.8e-12 5.0e-12 6.1e-12 8.2e-12 1.3e-11 2.2e-11
  525    33    29  1.1e-12 4.0e-12 9.6e-12 1.5e-11 2.4e-11 3.0e-11 3.6e-11 4.0e-11 4.7e-11 6.3e-11 8.6e-11
  526    33    30  1.5e-12 2.9e-12 4.3e-12 5.3e-12 6.8e-12 8.2e-12 9.5e-12 1.1e-11 1.3e-11 1.7e-11 2.4e-11
  527    33    31  8.0e-12 2.6e-11 5.1e-11 6.8e-11 8.7e-11 9.9e-11 1.1e-10 1.1e-10 1.2e-10 1.4e-10 1.7e-10
  528    33    32  1.1e-11 1.8e-11 2.1e-11 2.1e-11 2.2e-11 2.2e-11 2.2e-11 2.3e-11 2.6e-11 3.0e-11 3.4e-11
  529    34     1  6.2e-17 7.2e-17 9.1e-17 8.9e-17 5.9e-17 3.8e-17 2.8e-17 2.4e-17 1.3e-17 6.2e-18 3.1e-18
  530    34     2  1.9e-16 2.2e-16 2.8e-16 2.7e-16 1.8e-16 1.2e-16 9.1e-17 7.8e-17 4.7e-17 2.4e-17 1.3e-17
  531    34     3  3.3e-16 3.8e-16 4.9e-16 4.8e-16 3.3e-16 2.2e-16 1.7e-16 1.5e-16 9.7e-17 5.5e-17 3.4e-17
  532    34     4  4.8e-16 5.7e-16 7.3e-16 7.2e-16 5.1e-16 3.6e-16 2.8e-16 2.5e-16 1.8e-16 1.1e-16 7.5e-17
  533    34     5  6.6e-16 7.9e-16 1.0e-15 1.0e-15 7.6e-16 5.5e-16 4.5e-16 4.1e-16 3.1e-16 2.1e-16 1.6e-16
  534    34     6  8.7e-16 1.0e-15 1.4e-15 1.4e-15 1.1e-15 8.1e-16 6.9e-16 6.5e-16 5.3e-16 4.0e-16 3.3e-16
  535    34     7  1.1e-15 1.4e-15 1.8e-15 1.9e-15 1.5e-15 1.2e-15 1.1e-15 1.0e-15 8.8e-16 7.3e-16 6.4e-16
  536    34     8  1.4e-15 1.8e-15 2.4e-15 2.5e-15 2.1e-15 1.8e-15 1.6e-15 1.6e-15 1.5e-15 1.3e-15 1.3e-15
  537    34     9  1.8e-15 2.3e-15 3.1e-15 3.3e-15 2.9e-15 2.6e-15 2.4e-15 2.5e-15 2.4e-15 2.4e-15 2.5e-15
  538    34    10  2.2e-15 2.9e-15 3.9e-15 4.3e-15 4.0e-15 3.7e-15 3.6e-15 3.8e-15 4.0e-15 4.3e-15 4.8e-15
  539    34    11  2.8e-15 3.7e-15 5.1e-15 5.6e-15 5.5e-15 5.3e-15 5.4e-15 5.8e-15 6.4e-15 7.4e-15 8.9e-15
  540    34    12  3.5e-15 4.8e-15 6.5e-15 7.3e-15 7.5e-15 7.6e-15 8.1e-15 8.9e-15 1.0e-14 1.3e-14 1.6e-14
  541    34    13  4.3e-15 6.0e-15 8.3e-15 9.5e-15 1.0e-14 1.1e-14 1.2e-14 1.3e-14 1.6e-14 2.2e-14 3.0e-14
  542    34    14  6.1e-15 8.6e-15 1.1e-14 1.2e-14 1.4e-14 1.6e-14 2.1e-14 2.6e-14 3.5e-14 5.7e-14 1.0e-13
  543    34    15  4.5e-15 7.1e-15 1.1e-14 1.6e-14 2.4e-14 3.4e-14 4.6e-14 5.8e-14 1.2e-13 3.2e-13 9.1e-13
  544    34    16  1.5e-14 2.0e-14 2.3e-14 2.6e-14 3.1e-14 3.8e-14 4.7e-14 5.7e-14 7.2e-14 1.1e-13 1.8e-13
  545    34    17  8.5e-15 1.4e-14 2.3e-14 3.3e-14 5.2e-14 7.5e-14 1.0e-13 1.3e-13 1.8e-13 2.8e-13 4.2e-13
  546    34    18  3.0e-14 4.3e-14 5.2e-14 5.8e-14 6.8e-14 8.0e-14 9.6e-14 1.1e-13 1.3e-13 1.8e-13 2.5e-13
  547    34    19  1.7e-14 2.9e-14 4.7e-14 6.6e-14 1.0e-13 1.5e-13 2.2e-13 3.0e-13 5.2e-13 1.2e-12 3.0e-12
  548    34    20  4.6e-14 6.7e-14 7.9e-14 8.7e-14 1.0e-13 1.3e-13 1.7e-13 2.4e-13 2.9e-13 4.2e-13 6.7e-13
  549    34    21  2.7e-14 4.8e-14 7.5e-14 1.0e-13 1.8e-13 2.9e-13 4.5e-13 6.5e-13 1.2e-12 3.2e-12 8.8e-12
  550    34    22  5.6e-14 8.5e-14 1.0e-13 1.1e-13 1.6e-13 2.7e-13 4.5e-13 6.9e-13 1.1e-12 2.4e-12 5.5e-12
  551    34    23  2.7e-14 5.0e-14 8.5e-14 1.4e-13 2.9e-13 5.6e-13 9.3e-13 1.4e-12 2.8e-12 8.3e-12 2.6e-11
  552    34    24  6.3e-14 1.0e-13 1.4e-13 2.1e-13 4.8e-13 9.3e-13 1.6e-12 2.3e-12 4.4e-12 1.2e-11 3.3e-11
  553    34    25  4.0e-14 7.9e-14 1.5e-13 2.9e-13 6.9e-13 1.3e-12 2.0e-12 2.8e-12 5.1e-12 1.3e-11 3.5e-11
  554    34    26  9.8e-14 1.9e-13 4.2e-13 8.5e-13 2.0e-12 3.5e-12 5.2e-12 6.8e-12 1.2e-11 2.8e-11 6.6e-11
  555    34    27  7.2e-14 1.5e-13 3.7e-13 7.4e-13 1.6e-12 2.7e-12 3.8e-12 4.9e-12 7.8e-12 1.6e-11 3.3e-11
  556    34    28  2.5e-13 8.0e-13 2.2e-12 4.2e-12 7.9e-12 1.2e-11 1.5e-11 1.8e-11 2.5e-11 4.1e-11 7.1e-11
  557    34    29  1.5e-13 3.7e-13 7.7e-13 1.3e-12 2.5e-12 3.7e-12 4.9e-12 6.1e-12 8.1e-12 1.3e-11 2.1e-11
  558    34    30  1.1e-12 3.8e-12 9.3e-12 1.5e-11 2.3e-11 3.0e-11 3.5e-11 4.0e-11 4.7e-11 6.2e-11 8.5e-11
  559    34    31  1.4e-12 2.8e-12 4.1e-12 5.1e-12 6.7e-12 8.1e-12 9.4e-12 1.1e-11 1.3e-11 1.7e-11 2.3e-11
  560    34    32  7.5e-12 2.5e-11 4.9e-11 6.6e-11 8.5e-11 9.7e-11 1.1e-10 1.1e-10 1.2e-10 1.4e-10 1.7e-10
  561    34    33  1.0e-11 1.7e-11 2.0e-11 2.1e-11 2.1e-11 2.2e-11 2.2e-11 2.2e-11 2.6e-11 3.0e-11 3.4e-11
  562    35     1  4.8e-17 5.5e-17 7.1e-17 6.8e-17 4.4e-17 2.7e-17 1.9e-17 1.6e-17 8.3e-18 3.4e-18 1.6e-18
  563    35     2  1.4e-16 1.7e-16 2.2e-16 2.1e-16 1.4e-16 8.5e-17 6.2e-17 5.2e-17 2.9e-17 1.3e-17 6.7e-18
  564    35     3  2.5e-16 2.9e-16 3.8e-16 3.7e-16 2.4e-16 1.6e-16 1.2e-16 9.9e-17 6.0e-17 3.0e-17 1.7e-17
  565    35     4  3.7e-16 4.3e-16 5.6e-16 5.5e-16 3.8e-16 2.5e-16 1.9e-16 1.7e-16 1.1e-16 6.1e-17 3.7e-17
  566    35     5  5.0e-16 6.0e-16 7.8e-16 7.8e-16 5.6e-16 3.8e-16 3.0e-16 2.7e-16 1.9e-16 1.2e-16 8.0e-17
  567    35     6  6.6e-16 8.1e-16 1.0e-15 1.1e-15 7.9e-16 5.7e-16 4.7e-16 4.3e-16 3.2e-16 2.2e-16 1.6e-16
  568    35     7  8.6e-16 1.1e-15 1.4e-15 1.4e-15 1.1e-15 8.5e-16 7.2e-16 6.8e-16 5.5e-16 4.2e-16 3.4e-16
  569    35     8  1.1e-15 1.4e-15 1.8e-15 1.9e-15 1.5e-15 1.2e-15 1.1e-15 1.1e-15 9.2e-16 7.6e-16 6.7e-16
  570    35     9  1.4e-15 1.8e-15 2.4e-15 2.5e-15 2.1e-15 1.8e-15 1.6e-15 1.6e-15 1.5e-15 1.4e-15 1.3e-15
  571    35    10  1.7e-15 2.2e-15 3.0e-15 3.3e-15 2.9e-15 2.6e-15 2.5e-15 2.5e-15 2.5e-15 2.4e-15 2.5e-15
  572    35    11  2.1e-15 2.9e-15 3.9e-15 4.3e-15 4.0e-15 3.7e-15 3.7e-15 3.9e-15 4.0e-15 4.3e-15 4.9e-15
  573    35    12  2.7e-15 3.6e-15 5.0e-15 5.6e-15 5.5e-15 5.4e-15 5.5e-15 5.9e-15 6.5e-15 7.5e-15 9.0e-15
  574    35    13  3.3e-15 4.6e-15 6.4e-15 7.3e-15 7.6e-15 7.7e-15 8.2e-15 9.0e-15 1.0e-14 1.3e-14 1.7e-14
  575    35    14  4.1e-15 5.8e-15 8.1e-15 9.5e-15 1.0e-14 1.1e-14 1.2e-14 1.4e-14 1.7e-14 2.2e-14 3.0e-14
  576    35    15  5.7e-15 8.4e-15 1.1e-14 1.2e-14 1.4e-14 1.7e-14 2.1e-14 2.6e-14 3.5e-14 5.7e-14 1.0e-13
  577    35    16  4.3e-15 6.8e-15 1.1e-14 1.6e-14 2.4e-14 3.4e-14 4.6e-14 5.8e-14 1.2e-13 3.2e-13 9.1e-13
  578    35    17  1.4e-14 1.9e-14 2.3e-14 2.6e-14 3.1e-14 3.8e-14 4.7e-14 5.7e-14 7.2e-14 1.1e-13 1.7e-13
  579    35    18  8.0e-15 1.3e-14 2.2e-14 3.3e-14 5.2e-14 7.5e-14 1.0e-13 1.3e-13 1.9e-13 2.8e-13 4.3e-13
  580    35    19  2.8e-14 4.1e-14 5.1e-14 5.7e-14 6.8e-14 8.0e-14 9.6e-14 1.1e-13 1.3e-13 1.8e-13 2.5e-13
  581    35    20  1.6e-14 2.8e-14 4.6e-14 6.5e-14 1.0e-13 1.5e-13 2.2e-13 3.0e-13 5.2e-13 1.2e-12 3.0e-12
  582    35    21  4.3e-14 6.4e-14 7.7e-14 8.6e-14 1.0e-13 1.3e-13 1.7e-13 2.4e-13 2.9e-13 4.2e-13 6.6e-13
  583    35    22  2.5e-14 4.6e-14 7.3e-14 1.0e-13 1.7e-13 2.9e-13 4.5e-13 6.5e-13 1.2e-12 3.1e-12 8.7e-12
  584    35    23  5.2e-14 8.1e-14 9.9e-14 1.1e-13 1.6e-13 2.7e-13 4.5e-13 6.9e-13 1.1e-12 2.3e-12 5.4e-12
  585    35    24  2.5e-14 4.8e-14 8.2e-14 1.3e-13 2.9e-13 5.6e-13 9.2e-13 1.3e-12 2.8e-12 8.1e-12 2.6e-11
  586    35    25  5.9e-14 9.7e-14 1.4e-13 2.1e-13 4.7e-13 9.3e-13 1.5e-12 2.2e-12 4.3e-12 1.2e-11 3.2e-11
  587    35    26  3.7e-14 7.5e-14 1.5e-13 2.8e-13 6.8e-13 1.3e-12 2.0e-12 2.7e-12 5.0e-12 1.3e-11 3.4e-11
  588    35    27  9.1e-14 1.8e-13 4.1e-13 8.4e-13 2.0e-12 3.5e-12 5.1e-12 6.8e-12 1.2e-11 2.7e-11 6.5e-11
  589    35    28  6.7e-14 1.4e-13 3.6e-13 7.3e-13 1.6e-12 2.7e-12 3.8e-12 4.9e-12 7.7e-12 1.5e-11 3.3e-11
  590    35    29  2.3e-13 7.7e-13 2.1e-12 4.1e-12 7.8e-12 1.2e-11 1.5e-11 1.8e-11 2.5e-11 4.1e-11 7.0e-11
  591    35    30  1.4e-13 3.5e-13 7.5e-13 1.3e-12 2.4e-12 3.7e-12 4.9e-12 6.0e-12 8.0e-12 1.3e-11 2.1e-11
  592    35    31  1.0e-12 3.7e-12 9.0e-12 1.5e-11 2.3e-11 3.0e-11 3.5e-11 3.9e-11 4.6e-11 6.1e-11 8.4e-11
  593    35    32  1.3e-12 2.7e-12 4.0e-12 5.0e-12 6.6e-12 8.0e-12 9.3e-12 1.0e-11 1.3e-11 1.7e-11 2.3e-11
  594    35    33  7.0e-12 2.4e-11 4.7e-11 6.5e-11 8.4e-11 9.6e-11 1.0e-10 1.1e-10 1.2e-10 1.4e-10 1.7e-10
  595    35    34  9.7e-12 1.6e-11 1.9e-11 2.0e-11 2.1e-11 2.1e-11 2.2e-11 2.2e-11 2.6e-11 3.0e-11 3.4e-11
  596    36     1  3.6e-17 4.2e-17 5.4e-17 5.2e-17 3.2e-17 1.9e-17 1.3e-17 1.1e-17 5.1e-18 1.9e-18 7.7e-19
  597    36     2  1.1e-16 1.3e-16 1.7e-16 1.6e-16 1.0e-16 6.0e-17 4.2e-17 3.4e-17 1.8e-17 7.3e-18 3.3e-18
  598    36     3  1.9e-16 2.2e-16 2.9e-16 2.8e-16 1.8e-16 1.1e-16 7.9e-17 6.6e-17 3.7e-17 1.7e-17 8.4e-18
  599    36     4  2.8e-16 3.3e-16 4.3e-16 4.2e-16 2.8e-16 1.8e-16 1.3e-16 1.1e-16 6.7e-17 3.4e-17 1.9e-17
  600    36     5  3.8e-16 4.6e-16 6.0e-16 6.0e-16 4.1e-16 2.7e-16 2.1e-16 1.8e-16 1.2e-16 6.6e-17 4.0e-17
  601    36     6  5.1e-16 6.2e-16 8.1e-16 8.2e-16 5.8e-16 4.0e-16 3.2e-16 2.9e-16 2.0e-16 1.3e-16 8.3e-17
  602    36     7  6.6e-16 8.1e-16 1.1e-15 1.1e-15 8.2e-16 5.9e-16 4.9e-16 4.5e-16 3.4e-16 2.3e-16 1.7e-16
  603    36     8  8.3e-16 1.0e-15 1.4e-15 1.5e-15 1.1e-15 8.7e-16 7.5e-16 7.0e-16 5.7e-16 4.3e-16 3.5e-16
  604    36     9  1.0e-15 1.4e-15 1.8e-15 1.9e-15 1.6e-15 1.3e-15 1.1e-15 1.1e-15 9.4e-16 7.8e-16 6.8e-16
  605    36    10  1.3e-15 1.7e-15 2.3e-15 2.5e-15 2.2e-15 1.8e-15 1.7e-15 1.7e-15 1.6e-15 1.4e-15 1.3e-15
  606    36    11  1.6e-15 2.2e-15 3.0e-15 3.3e-15 3.0e-15 2.6e-15 2.5e-15 2.6e-15 2.5e-15 2.5e-15 2.6e-15
  607    36    12  2.1e-15 2.8e-15 3.9e-15 4.3e-15 4.1e-15 3.8e-15 3.8e-15 3.9e-15 4.1e-15 4.4e-15 4.9e-15
  608    36    13  2.5e-15 3.5e-15 4.9e-15 5.6e-15 5.6e-15 5.4e-15 5.6e-15 6.0e-15 6.6e-15 7.6e-15 9.1e-15
  609    36    14  3.1e-15 4.5e-15 6.3e-15 7.3e-15 7.6e-15 7.7e-15 8.3e-15 9.1e-15 1.1e-14 1.3e-14 1.7e-14
  610    36    15  3.9e-15 5.6e-15 8.0e-15 9.4e-15 1.0e-14 1.1e-14 1.2e-14 1.4e-14 1.7e-14 2.2e-14 3.0e-14
  611    36    16  5.4e-15 8.1e-15 1.0e-14 1.2e-14 1.4e-14 1.7e-14 2.1e-14 2.6e-14 3.5e-14 5.7e-14 1.0e-13
  612    36    17  4.0e-15 6.6e-15 1.1e-14 1.6e-14 2.4e-14 3.4e-14 4.6e-14 5.8e-14 1.2e-13 3.2e-13 9.1e-13
  613    36    18  1.3e-14 1.8e-14 2.2e-14 2.5e-14 3.1e-14 3.8e-14 4.7e-14 5.7e-14 7.2e-14 1.1e-13 1.7e-13
  614    36    19  7.6e-15 1.3e-14 2.2e-14 3.2e-14 5.2e-14 7.5e-14 1.0e-13 1.3e-13 1.9e-13 2.8e-13 4.3e-13
  615    36    20  2.7e-14 4.0e-14 4.9e-14 5.6e-14 6.7e-14 8.0e-14 9.6e-14 1.1e-13 1.3e-13 1.7e-13 2.5e-13
  616    36    21  1.5e-14 2.7e-14 4.5e-14 6.4e-14 1.0e-13 1.5e-13 2.2e-13 3.0e-13 5.2e-13 1.2e-12 3.0e-12
  617    36    22  4.1e-14 6.1e-14 7.5e-14 8.4e-14 1.0e-13 1.3e-13 1.7e-13 2.3e-13 2.9e-13 4.1e-13 6.5e-13
  618    36    23  2.4e-14 4.4e-14 7.1e-14 1.0e-13 1.7e-13 2.9e-13 4.5e-13 6.5e-13 1.2e-12 3.1e-12 8.5e-12
  619    36    24  4.9e-14 7.8e-14 9.6e-14 1.1e-13 1.6e-13 2.6e-13 4.5e-13 6.9e-13 1.1e-12 2.3e-12 5.3e-12
  620    36    25  2.3e-14 4.6e-14 8.0e-14 1.3e-13 2.9e-13 5.5e-13 9.2e-13 1.3e-12 2.7e-12 8.1e-12 2.5e-11
  621    36    26  5.5e-14 9.2e-14 1.3e-13 2.1e-13 4.7e-13 9.2e-13 1.5e-12 2.2e-12 4.3e-12 1.1e-11 3.2e-11
  622    36    27  3.5e-14 7.2e-14 1.4e-13 2.7e-13 6.7e-13 1.3e-12 2.0e-12 2.7e-12 5.0e-12 1.3e-11 3.4e-11
  623    36    28  8.5e-14 1.7e-13 4.0e-13 8.2e-13 1.9e-12 3.5e-12 5.1e-12 6.8e-12 1.2e-11 2.7e-11 6.4e-11
  624    36    29  6.3e-14 1.4e-13 3.5e-13 7.1e-13 1.6e-12 2.7e-12 3.8e-12 4.8e-12 7.6e-12 1.5e-11 3.2e-11
  625    36    30  2.2e-13 7.3e-13 2.1e-12 4.0e-12 7.6e-12 1.1e-11 1.5e-11 1.8e-11 2.4e-11 4.0e-11 6.9e-11
  626    36    31  1.3e-13 3.4e-13 7.2e-13 1.3e-12 2.4e-12 3.6e-12 4.8e-12 6.0e-12 7.9e-12 1.2e-11 2.1e-11
  627    36    32  9.4e-13 3.5e-12 8.7e-12 1.4e-11 2.2e-11 2.9e-11 3.4e-11 3.9e-11 4.6e-11 6.0e-11 8.2e-11
  628    36    33  1.2e-12 2.5e-12 3.9e-12 4.9e-12 6.4e-12 7.9e-12 9.2e-12 1.0e-11 1.2e-11 1.6e-11 2.3e-11
  629    36    34  6.5e-12 2.3e-11 4.6e-11 6.3e-11 8.2e-11 9.5e-11 1.0e-10 1.1e-10 1.2e-10 1.4e-10 1.6e-10
  630    36    35  9.0e-12 1.5e-11 1.9e-11 2.0e-11 2.1e-11 2.1e-11 2.2e-11 2.2e-11 2.5e-11 3.0e-11 3.3e-11
  631    37     1  2.8e-17 3.2e-17 4.2e-17 4.0e-17 2.4e-17 1.3e-17 8.9e-18 7.0e-18 3.1e-18 1.1e-18 3.9e-19
  632    37     2  8.5e-17 9.9e-17 1.3e-16 1.2e-16 7.3e-17 4.2e-17 2.9e-17 2.3e-17 1.1e-17 4.0e-18 1.6e-18
  633    37     3  1.5e-16 1.7e-16 2.2e-16 2.1e-16 1.3e-16 7.7e-17 5.4e-17 4.3e-17 2.2e-17 9.3e-18 4.1e-18
  634    37     4  2.1e-16 2.6e-16 3.4e-16 3.2e-16 2.0e-16 1.2e-16 8.9e-17 7.4e-17 4.1e-17 1.9e-17 9.3e-18
  635    37     5  3.0e-16 3.5e-16 4.7e-16 4.6e-16 3.0e-16 1.9e-16 1.4e-16 1.2e-16 7.3e-17 3.7e-17 2.0e-17
  636    37     6  3.9e-16 4.7e-16 6.3e-16 6.2e-16 4.3e-16 2.8e-16 2.2e-16 1.9e-16 1.2e-16 7.0e-17 4.2e-17
  637    37     7  5.0e-16 6.2e-16 8.3e-16 8.4e-16 6.0e-16 4.2e-16 3.3e-16 3.0e-16 2.1e-16 1.3e-16 8.7e-17
  638    37     8  6.4e-16 8.0e-16 1.1e-15 1.1e-15 8.4e-16 6.1e-16 5.1e-16 4.7e-16 3.5e-16 2.4e-16 1.8e-16
  639    37     9  8.1e-16 1.0e-15 1.4e-15 1.5e-15 1.2e-15 8.9e-16 7.7e-16 7.2e-16 5.9e-16 4.5e-16 3.5e-16
  640    37    10  1.0e-15 1.3e-15 1.8e-15 1.9e-15 1.6e-15 1.3e-15 1.1e-15 1.1e-15 9.7e-16 8.0e-16 7.0e-16
  641    37    11  1.3e-15 1.7e-15 2.3e-15 2.5e-15 2.2e-15 1.9e-15 1.7e-15 1.7e-15 1.6e-15 1.4e-15 1.4e-15
  642    37    12  1.6e-15 2.1e-15 3.0e-15 3.3e-15 3.0e-15 2.7e-15 2.6e-15 2.6e-15 2.6e-15 2.5e-15 2.6e-15
  643    37    13  2.0e-15 2.7e-15 3.8e-15 4.3e-15 4.1e-15 3.8e-15 3.8e-15 4.0e-15 4.2e-15 4.5e-15 5.0e-15
  644    37    14  2.4e-15 3.4e-15 4.9e-15 5.5e-15 5.6e-15 5.4e-15 5.6e-15 6.1e-15 6.7e-15 7.7e-15 9.2e-15
  645    37    15  3.0e-15 4.3e-15 6.2e-15 7.2e-15 7.6e-15 7.7e-15 8.3e-15 9.2e-15 1.1e-14 1.3e-14 1.7e-14
  646    37    16  3.7e-15 5.4e-15 7.8e-15 9.3e-15 1.0e-14 1.1e-14 1.2e-14 1.4e-14 1.7e-14 2.2e-14 3.1e-14
  647    37    17  5.1e-15 7.8e-15 1.0e-14 1.2e-14 1.4e-14 1.7e-14 2.1e-14 2.6e-14 3.5e-14 5.6e-14 9.9e-14
  648    37    18  3.8e-15 6.3e-15 1.1e-14 1.5e-14 2.4e-14 3.4e-14 4.6e-14 5.9e-14 1.2e-13 3.2e-13 9.1e-13
  649    37    19  1.3e-14 1.8e-14 2.2e-14 2.5e-14 3.0e-14 3.8e-14 4.7e-14 5.8e-14 7.2e-14 1.1e-13 1.7e-13
  650    37    20  7.1e-15 1.2e-14 2.1e-14 3.2e-14 5.1e-14 7.5e-14 1.0e-13 1.3e-13 1.9e-13 2.9e-13 4.3e-13
  651    37    21  2.5e-14 3.8e-14 4.8e-14 5.5e-14 6.6e-14 8.0e-14 9.6e-14 1.1e-13 1.3e-13 1.7e-13 2.4e-13
  652    37    22  1.4e-14 2.6e-14 4.4e-14 6.3e-14 1.0e-13 1.5e-13 2.2e-13 3.0e-13 5.2e-13 1.2e-12 2.9e-12
  653    37    23  3.8e-14 5.9e-14 7.3e-14 8.3e-14 9.9e-14 1.2e-13 1.7e-13 2.3e-13 2.8e-13 4.1e-13 6.4e-13
  654    37    24  2.2e-14 4.2e-14 6.9e-14 9.8e-14 1.7e-13 2.8e-13 4.5e-13 6.5e-13 1.2e-12 3.1e-12 8.4e-12
  655    37    25  4.6e-14 7.5e-14 9.4e-14 1.1e-13 1.5e-13 2.6e-13 4.4e-13 6.8e-13 1.1e-12 2.2e-12 5.2e-12
  656    37    26  2.2e-14 4.4e-14 7.7e-14 1.3e-13 2.8e-13 5.5e-13 9.1e-13 1.3e-12 2.7e-12 7.9e-12 2.5e-11
  657    37    27  5.2e-14 8.8e-14 1.3e-13 2.0e-13 4.6e-13 9.1e-13 1.5e-12 2.2e-12 4.2e-12 1.1e-11 3.1e-11
  658    37    28  3.3e-14 6.8e-14 1.4e-13 2.7e-13 6.6e-13 1.2e-12 2.0e-12 2.7e-12 4.9e-12 1.2e-11 3.3e-11
  659    37    29  8.0e-14 1.7e-13 3.8e-13 8.0e-13 1.9e-12 3.4e-12 5.0e-12 6.7e-12 1.2e-11 2.7e-11 6.3e-11
  660    37    30  5.9e-14 1.3e-13 3.3e-13 6.9e-13 1.6e-12 2.6e-12 3.7e-12 4.8e-12 7.5e-12 1.5e-11 3.2e-11
  661    37    31  2.1e-13 7.0e-13 2.0e-12 3.9e-12 7.5e-12 1.1e-11 1.5e-11 1.8e-11 2.4e-11 3.9e-11 6.8e-11
  662    37    32  1.2e-13 3.2e-13 7.0e-13 1.2e-12 2.3e-12 3.6e-12 4.8e-12 5.9e-12 7.8e-12 1.2e-11 2.0e-11
  663    37    33  8.7e-13 3.3e-12 8.4e-12 1.4e-11 2.2e-11 2.9e-11 3.4e-11 3.9e-11 4.5e-11 5.9e-11 8.1e-11
  664    37    34  1.1e-12 2.4e-12 3.7e-12 4.8e-12 6.3e-12 7.8e-12 9.1e-12 1.0e-11 1.2e-11 1.6e-11 2.2e-11
  665    37    35  6.1e-12 2.2e-11 4.4e-11 6.1e-11 8.1e-11 9.3e-11 1.0e-10 1.1e-10 1.2e-10 1.4e-10 1.6e-10
  666    37    36  8.4e-12 1.4e-11 1.8e-11 1.9e-11 2.0e-11 2.1e-11 2.1e-11 2.2e-11 2.5e-11 2.9e-11 3.3e-11
  667    38     1  2.1e-17 2.5e-17 3.2e-17 3.0e-17 1.7e-17 9.4e-18 6.1e-18 4.7e-18 1.9e-18 5.9e-19 1.9e-19
  668    38     2  6.5e-17 7.6e-17 1.0e-16 9.4e-17 5.4e-17 2.9e-17 1.9e-17 1.5e-17 6.7e-18 2.2e-18 8.2e-19
  669    38     3  1.1e-16 1.3e-16 1.7e-16 1.6e-16 9.7e-17 5.4e-17 3.7e-17 2.9e-17 1.4e-17 5.1e-18 2.1e-18
  670    38     4  1.6e-16 1.9e-16 2.6e-16 2.5e-16 1.5e-16 8.7e-17 6.1e-17 4.9e-17 2.5e-17 1.0e-17 4.6e-18
  671    38     5  2.3e-16 2.7e-16 3.6e-16 3.5e-16 2.2e-16 1.3e-16 9.6e-17 7.9e-17 4.5e-17 2.0e-17 1.0e-17
  672    38     6  3.0e-16 3.6e-16 4.8e-16 4.8e-16 3.1e-16 2.0e-16 1.5e-16 1.3e-16 7.6e-17 3.9e-17 2.1e-17
  673    38     7  3.8e-16 4.8e-16 6.4e-16 6.4e-16 4.4e-16 2.9e-16 2.3e-16 2.0e-16 1.3e-16 7.3e-17 4.3e-17
  674    38     8  4.9e-16 6.2e-16 8.4e-16 8.5e-16 6.2e-16 4.3e-16 3.4e-16 3.1e-16 2.2e-16 1.4e-16 8.9e-17
  675    38     9  6.2e-16 7.9e-16 1.1e-15 1.1e-15 8.5e-16 6.3e-16 5.2e-16 4.8e-16 3.6e-16 2.5e-16 1.8e-16
  676    38    10  7.8e-16 1.0e-15 1.4e-15 1.5e-15 1.2e-15 9.0e-16 7.8e-16 7.4e-16 6.0e-16 4.6e-16 3.6e-16
  677    38    11  9.7e-16 1.3e-15 1.8e-15 1.9e-15 1.6e-15 1.3e-15 1.2e-15 1.1e-15 9.9e-16 8.2e-16 7.1e-16
  678    38    12  1.2e-15 1.6e-15 2.3e-15 2.5e-15 2.2e-15 1.9e-15 1.8e-15 1.7e-15 1.6e-15 1.5e-15 1.4e-15
  679    38    13  1.5e-15 2.1e-15 2.9e-15 3.3e-15 3.0e-15 2.7e-15 2.6e-15 2.7e-15 2.6e-15 2.6e-15 2.6e-15
  680    38    14  1.9e-15 2.6e-15 3.7e-15 4.2e-15 4.1e-15 3.8e-15 3.8e-15 4.0e-15 4.2e-15 4.5e-15 5.0e-15
  681    38    15  2.3e-15 3.3e-15 4.8e-15 5.5e-15 5.6e-15 5.5e-15 5.7e-15 6.1e-15 6.8e-15 7.8e-15 9.2e-15
  682    38    16  2.8e-15 4.2e-15 6.1e-15 7.1e-15 7.5e-15 7.8e-15 8.4e-15 9.3e-15 1.1e-14 1.3e-14 1.7e-14
  683    38    17  3.5e-15 5.3e-15 7.7e-15 9.2e-15 1.0e-14 1.1e-14 1.2e-14 1.4e-14 1.7e-14 2.3e-14 3.1e-14
  684    38    18  4.9e-15 7.5e-15 1.0e-14 1.2e-14 1.4e-14 1.7e-14 2.1e-14 2.6e-14 3.5e-14 5.6e-14 9.8e-14
  685    38    19  3.6e-15 6.1e-15 1.0e-14 1.5e-14 2.4e-14 3.4e-14 4.6e-14 5.9e-14 1.2e-13 3.2e-13 9.0e-13
  686    38    20  1.2e-14 1.7e-14 2.1e-14 2.4e-14 3.0e-14 3.8e-14 4.7e-14 5.8e-14 7.1e-14 1.1e-13 1.7e-13
  687    38    21  6.7e-15 1.2e-14 2.1e-14 3.1e-14 5.1e-14 7.4e-14 1.0e-13 1.3e-13 1.9e-13 2.9e-13 4.3e-13
  688    38    22  2.4e-14 3.7e-14 4.7e-14 5.4e-14 6.6e-14 7.9e-14 9.5e-14 1.1e-13 1.3e-13 1.7e-13 2.4e-13
  689    38    23  1.3e-14 2.5e-14 4.3e-14 6.2e-14 1.0e-13 1.5e-13 2.2e-13 3.0e-13 5.1e-13 1.2e-12 2.9e-12
  690    38    24  3.6e-14 5.6e-14 7.1e-14 8.1e-14 9.7e-14 1.2e-13 1.7e-13 2.3e-13 2.8e-13 4.0e-13 6.3e-13
  691    38    25  2.1e-14 4.0e-14 6.7e-14 9.6e-14 1.7e-13 2.8e-13 4.4e-13 6.4e-13 1.2e-12 3.0e-12 8.3e-12
  692    38    26  4.3e-14 7.1e-14 9.1e-14 1.0e-13 1.5e-13 2.6e-13 4.4e-13 6.8e-13 1.1e-12 2.2e-12 5.1e-12
  693    38    27  2.1e-14 4.2e-14 7.5e-14 1.2e-13 2.8e-13 5.4e-13 9.0e-13 1.3e-12 2.7e-12 7.8e-12 2.4e-11
  694    38    28  4.9e-14 8.4e-14 1.3e-13 2.0e-13 4.5e-13 9.0e-13 1.5e-12 2.2e-12 4.2e-12 1.1e-11 3.1e-11
  695    38    29  3.1e-14 6.5e-14 1.3e-13 2.6e-13 6.5e-13 1.2e-12 1.9e-12 2.7e-12 4.9e-12 1.2e-11 3.3e-11
  696    38    30  7.5e-14 1.6e-13 3.7e-13 7.8e-13 1.9e-12 3.4e-12 5.0e-12 6.7e-12 1.2e-11 2.6e-11 6.2e-11
  697    38    31  5.5e-14 1.2e-13 3.2e-13 6.7e-13 1.5e-12 2.6e-12 3.7e-12 4.8e-12 7.4e-12 1.5e-11 3.1e-11
  698    38    32  1.9e-13 6.7e-13 1.9e-12 3.8e-12 7.4e-12 1.1e-11 1.4e-11 1.7e-11 2.4e-11 3.9e-11 6.6e-11
  699    38    33  1.2e-13 3.1e-13 6.8e-13 1.2e-12 2.3e-12 3.5e-12 4.7e-12 5.9e-12 7.7e-12 1.2e-11 2.0e-11
  700    38    34  8.2e-13 3.2e-12 8.1e-12 1.4e-11 2.2e-11 2.8e-11 3.4e-11 3.8e-11 4.5e-11 5.8e-11 8.0e-11
  701    38    35  1.0e-12 2.3e-12 3.6e-12 4.6e-12 6.2e-12 7.7e-12 9.0e-12 1.0e-11 1.2e-11 1.6e-11 2.2e-11
  702    38    36  5.7e-12 2.1e-11 4.3e-11 6.0e-11 7.9e-11 9.2e-11 1.0e-10 1.1e-10 1.2e-10 1.3e-10 1.6e-10
  703    38    37  7.9e-12 1.4e-11 1.7e-11 1.9e-11 2.0e-11 2.0e-11 2.1e-11 2.2e-11 2.5e-11 2.9e-11 3.3e-11
  704    39     1  1.6e-17 1.9e-17 2.5e-17 2.3e-17 1.3e-17 6.6e-18 4.1e-18 3.1e-18 1.2e-18 3.3e-19 1.0e-19
  705    39     2  4.9e-17 5.8e-17 7.7e-17 7.2e-17 4.0e-17 2.1e-17 1.3e-17 1.0e-17 4.1e-18 1.3e-18 4.1e-19
  706    39     3  8.5e-17 1.0e-16 1.3e-16 1.3e-16 7.1e-17 3.8e-17 2.5e-17 1.9e-17 8.5e-18 2.8e-18 1.0e-18
  707    39     4  1.3e-16 1.5e-16 2.0e-16 1.9e-16 1.1e-16 6.2e-17 4.1e-17 3.2e-17 1.6e-17 5.8e-18 2.3e-18
  708    39     5  1.7e-16 2.1e-16 2.8e-16 2.7e-16 1.6e-16 9.4e-17 6.5e-17 5.3e-17 2.7e-17 1.1e-17 4.9e-18
  709    39     6  2.3e-16 2.8e-16 3.7e-16 3.7e-16 2.3e-16 1.4e-16 1.0e-16 8.4e-17 4.7e-17 2.1e-17 1.0e-17
  710    39     7  2.9e-16 3.7e-16 4.9e-16 4.9e-16 3.2e-16 2.1e-16 1.6e-16 1.3e-16 8.0e-17 4.1e-17 2.2e-17
  711    39     8  3.7e-16 4.7e-16 6.5e-16 6.5e-16 4.5e-16 3.0e-16 2.4e-16 2.1e-16 1.3e-16 7.6e-17 4.5e-17
  712    39     9  4.7e-16 6.1e-16 8.4e-16 8.6e-16 6.2e-16 4.4e-16 3.5e-16 3.2e-16 2.3e-16 1.4e-16 9.2e-17
  713    39    10  6.0e-16 7.8e-16 1.1e-15 1.1e-15 8.6e-16 6.4e-16 5.3e-16 4.9e-16 3.7e-16 2.6e-16 1.8e-16
  714    39    11  7.4e-16 9.9e-16 1.4e-15 1.5e-15 1.2e-15 9.2e-16 8.0e-16 7.6e-16 6.2e-16 4.7e-16 3.7e-16
  715    39    12  9.3e-16 1.3e-15 1.8e-15 1.9e-15 1.6e-15 1.3e-15 1.2e-15 1.2e-15 1.0e-15 8.3e-16 7.2e-16
  716    39    13  1.1e-15 1.6e-15 2.3e-15 2.5e-15 2.2e-15 1.9e-15 1.8e-15 1.8e-15 1.6e-15 1.5e-15 1.4e-15
  717    39    14  1.4e-15 2.0e-15 2.9e-15 3.2e-15 3.0e-15 2.7e-15 2.6e-15 2.7e-15 2.6e-15 2.6e-15 2.6e-15
  718    39    15  1.8e-15 2.5e-15 3.7e-15 4.2e-15 4.1e-15 3.8e-15 3.9e-15 4.1e-15 4.3e-15 4.6e-15 5.0e-15
  719    39    16  2.2e-15 3.2e-15 4.7e-15 5.4e-15 5.5e-15 5.5e-15 5.7e-15 6.2e-15 6.8e-15 7.8e-15 9.3e-15
  720    39    17  2.7e-15 4.0e-15 5.9e-15 7.0e-15 7.5e-15 7.8e-15 8.4e-15 9.3e-15 1.1e-14 1.3e-14 1.7e-14
  721    39    18  3.3e-15 5.1e-15 7.5e-15 9.0e-15 1.0e-14 1.1e-14 1.2e-14 1.4e-14 1.7e-14 2.3e-14 3.1e-14
  722    39    19  4.6e-15 7.2e-15 9.8e-15 1.1e-14 1.3e-14 1.6e-14 2.1e-14 2.6e-14 3.5e-14 5.6e-14 9.7e-14
  723    39    20  3.4e-15 5.8e-15 1.0e-14 1.5e-14 2.4e-14 3.4e-14 4.6e-14 5.9e-14 1.2e-13 3.2e-13 8.9e-13
  724    39    21  1.1e-14 1.6e-14 2.1e-14 2.4e-14 3.0e-14 3.7e-14 4.7e-14 5.8e-14 7.1e-14 1.0e-13 1.7e-13
  725    39    22  6.3e-15 1.1e-14 2.0e-14 3.1e-14 5.0e-14 7.4e-14 1.0e-13 1.3e-13 1.9e-13 2.9e-13 4.3e-13
  726    39    23  2.2e-14 3.5e-14 4.6e-14 5.3e-14 6.5e-14 7.9e-14 9.5e-14 1.1e-13 1.3e-13 1.7e-13 2.4e-13
  727    39    24  1.3e-14 2.4e-14 4.1e-14 6.0e-14 9.9e-14 1.5e-13 2.2e-13 3.0e-13 5.1e-13 1.2e-12 2.9e-12
  728    39    25  3.4e-14 5.4e-14 6.9e-14 7.9e-14 9.6e-14 1.2e-13 1.7e-13 2.3e-13 2.8e-13 4.0e-13 6.2e-13
  729    39    26  2.0e-14 3.9e-14 6.5e-14 9.4e-14 1.7e-13 2.8e-13 4.4e-13 6.4e-13 1.2e-12 3.0e-12 8.1e-12
  730    39    27  4.1e-14 6.8e-14 8.8e-14 1.0e-13 1.5e-13 2.6e-13 4.4e-13 6.7e-13 1.0e-12 2.2e-12 5.0e-12
  731    39    28  1.9e-14 4.0e-14 7.3e-14 1.2e-13 2.7e-13 5.4e-13 9.0e-13 1.3e-12 2.6e-12 7.7e-12 2.4e-11
  732    39    29  4.6e-14 8.1e-14 1.2e-13 1.9e-13 4.4e-13 8.9e-13 1.5e-12 2.2e-12 4.1e-12 1.1e-11 3.0e-11
  733    39    30  2.9e-14 6.2e-14 1.3e-13 2.5e-13 6.4e-13 1.2e-12 1.9e-12 2.7e-12 4.8e-12 1.2e-11 3.2e-11
  734    39    31  7.0e-14 1.5e-13 3.6e-13 7.6e-13 1.9e-12 3.3e-12 4.9e-12 6.6e-12 1.1e-11 2.6e-11 6.2e-11
  735    39    32  5.2e-14 1.2e-13 3.1e-13 6.6e-13 1.5e-12 2.5e-12 3.7e-12 4.7e-12 7.3e-12 1.5e-11 3.0e-11
  736    39    33  1.8e-13 6.3e-13 1.9e-12 3.7e-12 7.2e-12 1.1e-11 1.4e-11 1.7e-11 2.3e-11 3.8e-11 6.6e-11
  737    39    34  1.1e-13 2.9e-13 6.5e-13 1.2e-12 2.2e-12 3.5e-12 4.7e-12 5.8e-12 7.6e-12 1.2e-11 2.0e-11
  738    39    35  7.6e-13 3.0e-12 7.9e-12 1.3e-11 2.1e-11 2.8e-11 3.3e-11 3.8e-11 4.4e-11 5.8e-11 7.9e-11
  739    39    36  9.7e-13 2.2e-12 3.5e-12 4.5e-12 6.1e-12 7.5e-12 8.9e-12 1.0e-11 1.2e-11 1.6e-11 2.2e-11
  740    39    37  5.3e-12 2.0e-11 4.1e-11 5.8e-11 7.8e-11 9.0e-11 9.9e-11 1.1e-10 1.1e-10 1.3e-10 1.6e-10
  741    39    38  7.4e-12 1.3e-11 1.7e-11 1.8e-11 1.9e-11 2.0e-11 2.1e-11 2.1e-11 2.5e-11 2.9e-11 3.3e-11
  742    40     1  1.2e-17 1.5e-17 1.9e-17 1.8e-17 9.3e-18 4.6e-18 2.8e-18 2.1e-18 7.5e-19 1.9e-19 5.3e-20
  743    40     2  3.8e-17 4.5e-17 5.9e-17 5.5e-17 2.9e-17 1.5e-17 9.0e-18 6.6e-18 2.6e-18 7.1e-19 2.1e-19
  744    40     3  6.5e-17 7.7e-17 1.0e-16 9.6e-17 5.2e-17 2.7e-17 1.7e-17 1.3e-17 5.3e-18 1.6e-18 5.2e-19
  745    40     4  9.6e-17 1.1e-16 1.5e-16 1.4e-16 8.1e-17 4.3e-17 2.8e-17 2.2e-17 9.6e-18 3.2e-18 1.1e-18
  746    40     5  1.3e-16 1.6e-16 2.1e-16 2.0e-16 1.2e-16 6.6e-17 4.4e-17 3.5e-17 1.7e-17 6.2e-18 2.5e-18
  747    40     6  1.7e-16 2.1e-16 2.9e-16 2.8e-16 1.7e-16 9.9e-17 6.9e-17 5.6e-17 2.9e-17 1.2e-17 5.2e-18
  748    40     7  2.3e-16 2.8e-16 3.8e-16 3.7e-16 2.4e-16 1.5e-16 1.1e-16 8.8e-17 4.9e-17 2.2e-17 1.1e-17
  749    40     8  2.9e-16 3.6e-16 5.0e-16 5.0e-16 3.3e-16 2.1e-16 1.6e-16 1.4e-16 8.3e-17 4.2e-17 2.3e-17
  750    40     9  3.6e-16 4.7e-16 6.5e-16 6.6e-16 4.6e-16 3.1e-16 2.4e-16 2.1e-16 1.4e-16 7.8e-17 4.6e-17
  751    40    10  4.6e-16 6.0e-16 8.3e-16 8.6e-16 6.3e-16 4.5e-16 3.6e-16 3.3e-16 2.3e-16 1.4e-16 9.3e-17
  752    40    11  5.7e-16 7.6e-16 1.1e-15 1.1e-15 8.7e-16 6.5e-16 5.4e-16 5.0e-16 3.8e-16 2.6e-16 1.9e-16
  753    40    12  7.1e-16 9.6e-16 1.4e-15 1.5e-15 1.2e-15 9.3e-16 8.1e-16 7.7e-16 6.3e-16 4.7e-16 3.7e-16
  754    40    13  8.8e-16 1.2e-15 1.8e-15 1.9e-15 1.6e-15 1.3e-15 1.2e-15 1.2e-15 1.0e-15 8.5e-16 7.3e-16
  755    40    14  1.1e-15 1.5e-15 2.2e-15 2.5e-15 2.2e-15 1.9e-15 1.8e-15 1.8e-15 1.7e-15 1.5e-15 1.4e-15
  756    40    15  1.4e-15 2.0e-15 2.8e-15 3.2e-15 3.0e-15 2.7e-15 2.6e-15 2.7e-15 2.7e-15 2.6e-15 2.6e-15
  757    40    16  1.7e-15 2.5e-15 3.6e-15 4.1e-15 4.1e-15 3.8e-15 3.9e-15 4.1e-15 4.3e-15 4.6e-15 5.1e-15
  758    40    17  2.1e-15 3.1e-15 4.6e-15 5.4e-15 5.5e-15 5.5e-15 5.7e-15 6.2e-15 6.9e-15 7.9e-15 9.3e-15
  759    40    18  2.5e-15 3.9e-15 5.8e-15 6.9e-15 7.5e-15 7.7e-15 8.4e-15 9.3e-15 1.1e-14 1.3e-14 1.7e-14
  760    40    19  3.1e-15 4.9e-15 7.3e-15 8.9e-15 1.0e-14 1.1e-14 1.2e-14 1.4e-14 1.7e-14 2.3e-14 3.1e-14
  761    40    20  4.3e-15 7.0e-15 9.5e-15 1.1e-14 1.3e-14 1.6e-14 2.1e-14 2.6e-14 3.4e-14 5.5e-14 9.6e-14
  762    40    21  3.2e-15 5.6e-15 9.9e-15 1.5e-14 2.3e-14 3.4e-14 4.6e-14 5.9e-14 1.2e-13 3.1e-13 8.9e-13
  763    40    22  1.0e-14 1.6e-14 2.0e-14 2.4e-14 3.0e-14 3.7e-14 4.7e-14 5.7e-14 7.1e-14 1.0e-13 1.6e-13
  764    40    23  6.0e-15 1.1e-14 2.0e-14 3.0e-14 5.0e-14 7.3e-14 1.0e-13 1.3e-13 1.9e-13 2.9e-13 4.3e-13
  765    40    24  2.1e-14 3.4e-14 4.4e-14 5.2e-14 6.4e-14 7.8e-14 9.5e-14 1.1e-13 1.3e-13 1.7e-13 2.4e-13
  766    40    25  1.2e-14 2.2e-14 4.0e-14 5.9e-14 9.7e-14 1.5e-13 2.1e-13 3.0e-13 5.0e-13 1.2e-12 2.8e-12
  767    40    26  3.2e-14 5.2e-14 6.7e-14 7.8e-14 9.5e-14 1.2e-13 1.7e-13 2.3e-13 2.8e-13 3.9e-13 6.1e-13
  768    40    27  1.9e-14 3.7e-14 6.3e-14 9.2e-14 1.6e-13 2.8e-13 4.4e-13 6.4e-13 1.2e-12 2.9e-12 8.0e-12
  769    40    28  3.8e-14 6.5e-14 8.5e-14 1.0e-13 1.5e-13 2.5e-13 4.3e-13 6.7e-13 1.0e-12 2.1e-12 4.8e-12
  770    40    29  1.8e-14 3.9e-14 7.0e-14 1.2e-13 2.7e-13 5.3e-13 8.9e-13 1.3e-12 2.6e-12 7.5e-12 2.4e-11
  771    40    30  4.3e-14 7.7e-14 1.2e-13 1.9e-13 4.4e-13 8.8e-13 1.5e-12 2.2e-12 4.1e-12 1.1e-11 3.0e-11
  772    40    31  2.7e-14 6.0e-14 1.2e-13 2.5e-13 6.3e-13 1.2e-12 1.9e-12 2.6e-12 4.7e-12 1.2e-11 3.1e-11
  773    40    32  6.6e-14 1.4e-13 3.5e-13 7.4e-13 1.8e-12 3.3e-12 4.9e-12 6.5e-12 1.1e-11 2.6e-11 6.1e-11
  774    40    33  4.8e-14 1.1e-13 3.0e-13 6.4e-13 1.5e-12 2.5e-12 3.6e-12 4.7e-12 7.2e-12 1.4e-11 3.0e-11
  775    40    34  1.7e-13 6.1e-13 1.8e-12 3.6e-12 7.1e-12 1.1e-11 1.4e-11 1.7e-11 2.3e-11 3.8e-11 6.4e-11
  776    40    35  1.0e-13 2.8e-13 6.3e-13 1.1e-12 2.2e-12 3.4e-12 4.6e-12 5.8e-12 7.5e-12 1.2e-11 1.9e-11
  777    40    36  7.1e-13 2.9e-12 7.6e-12 1.3e-11 2.1e-11 2.7e-11 3.3e-11 3.7e-11 4.3e-11 5.7e-11 7.7e-11
  778    40    37  9.1e-13 2.1e-12 3.4e-12 4.4e-12 6.0e-12 7.4e-12 8.8e-12 1.0e-11 1.2e-11 1.6e-11 2.1e-11
  779    40    38  5.0e-12 1.9e-11 4.0e-11 5.6e-11 7.6e-11 8.9e-11 9.8e-11 1.0e-10 1.1e-10 1.3e-10 1.5e-10
  780    40    39  6.9e-12 1.2e-11 1.6e-11 1.8e-11 1.9e-11 2.0e-11 2.1e-11 2.1e-11 2.4e-11 2.9e-11 3.2e-11
  781    41     1  9.4e-18 1.1e-17 1.5e-17 1.4e-17 6.9e-18 3.3e-18 1.9e-18 1.4e-18 4.7e-19 1.1e-19 2.9e-20
  782    41     2  2.9e-17 3.4e-17 4.6e-17 4.2e-17 2.1e-17 1.0e-17 6.1e-18 4.4e-18 1.6e-18 4.1e-19 1.1e-19
  783    41     3  5.0e-17 5.9e-17 8.0e-17 7.3e-17 3.8e-17 1.9e-17 1.2e-17 8.4e-18 3.3e-18 9.0e-19 2.7e-19
  784    41     4  7.3e-17 8.8e-17 1.2e-16 1.1e-16 6.0e-17 3.0e-17 1.9e-17 1.4e-17 6.0e-18 1.8e-18 5.8e-19
  785    41     5  1.0e-16 1.2e-16 1.7e-16 1.6e-16 8.7e-17 4.7e-17 3.0e-17 2.3e-17 1.0e-17 3.5e-18 1.2e-18
  786    41     6  1.3e-16 1.6e-16 2.2e-16 2.1e-16 1.3e-16 7.0e-17 4.7e-17 3.7e-17 1.8e-17 6.6e-18 2.6e-18
  787    41     7  1.7e-16 2.1e-16 3.0e-16 2.9e-16 1.8e-16 1.0e-16 7.2e-17 5.8e-17 3.0e-17 1.2e-17 5.4e-18
  788    41     8  2.2e-16 2.8e-16 3.8e-16 3.8e-16 2.4e-16 1.5e-16 1.1e-16 9.1e-17 5.1e-17 2.3e-17 1.1e-17
  789    41     9  2.8e-16 3.6e-16 5.0e-16 5.0e-16 3.4e-16 2.2e-16 1.6e-16 1.4e-16 8.6e-17 4.3e-17 2.3e-17
  790    41    10  3.5e-16 4.6e-16 6.4e-16 6.6e-16 4.6e-16 3.2e-16 2.5e-16 2.2e-16 1.4e-16 8.0e-17 4.7e-17
  791    41    11  4.4e-16 5.8e-16 8.2e-16 8.6e-16 6.4e-16 4.5e-16 3.7e-16 3.3e-16 2.4e-16 1.5e-16 9.5e-17
  792    41    12  5.5e-16 7.4e-16 1.1e-15 1.1e-15 8.7e-16 6.5e-16 5.5e-16 5.1e-16 3.9e-16 2.7e-16 1.9e-16
  793    41    13  6.8e-16 9.4e-16 1.4e-15 1.5e-15 1.2e-15 9.4e-16 8.2e-16 7.8e-16 6.4e-16 4.8e-16 3.8e-16
  794    41    14  8.4e-16 1.2e-15 1.7e-15 1.9e-15 1.6e-15 1.3e-15 1.2e-15 1.2e-15 1.0e-15 8.5e-16 7.3e-16
  795    41    15  1.0e-15 1.5e-15 2.2e-15 2.4e-15 2.2e-15 1.9e-15 1.8e-15 1.8e-15 1.7e-15 1.5e-15 1.4e-15
  796    41    16  1.3e-15 1.9e-15 2.8e-15 3.2e-15 3.0e-15 2.7e-15 2.7e-15 2.7e-15 2.7e-15 2.6e-15 2.7e-15
  797    41    17  1.6e-15 2.4e-15 3.5e-15 4.1e-15 4.0e-15 3.8e-15 3.9e-15 4.1e-15 4.3e-15 4.6e-15 5.1e-15
  798    41    18  2.0e-15 3.0e-15 4.5e-15 5.3e-15 5.5e-15 5.5e-15 5.7e-15 6.2e-15 6.9e-15 7.9e-15 9.3e-15
  799    41    19  2.4e-15 3.7e-15 5.6e-15 6.8e-15 7.4e-15 7.7e-15 8.4e-15 9.4e-15 1.1e-14 1.3e-14 1.7e-14
  800    41    20  2.9e-15 4.7e-15 7.1e-15 8.7e-15 1.0e-14 1.1e-14 1.2e-14 1.4e-14 1.7e-14 2.3e-14 3.1e-14
  801    41    21  4.1e-15 6.7e-15 9.3e-15 1.1e-14 1.3e-14 1.6e-14 2.1e-14 2.6e-14 3.4e-14 5.5e-14 9.5e-14
  802    41    22  3.0e-15 5.4e-15 9.6e-15 1.4e-14 2.3e-14 3.4e-14 4.6e-14 5.9e-14 1.2e-13 3.1e-13 8.8e-13
  803    41    23  9.9e-15 1.5e-14 2.0e-14 2.3e-14 2.9e-14 3.7e-14 4.7e-14 5.7e-14 7.0e-14 1.0e-13 1.6e-13
  804    41    24  5.6e-15 1.0e-14 1.9e-14 2.9e-14 4.9e-14 7.3e-14 1.0e-13 1.3e-13 1.9e-13 2.9e-13 4.3e-13
  805    41    25  2.0e-14 3.2e-14 4.3e-14 5.1e-14 6.3e-14 7.7e-14 9.4e-14 1.1e-13 1.3e-13 1.7e-13 2.3e-13
  806    41    26  1.1e-14 2.2e-14 3.9e-14 5.8e-14 9.6e-14 1.5e-13 2.1e-13 2.9e-13 5.0e-13 1.1e-12 2.8e-12
  807    41    27  3.0e-14 4.9e-14 6.5e-14 7.6e-14 9.3e-14 1.2e-13 1.7e-13 2.3e-13 2.8e-13 3.9e-13 6.0e-13
  808    41    28  1.7e-14 3.5e-14 6.1e-14 9.0e-14 1.6e-13 2.7e-13 4.3e-13 6.3e-13 1.1e-12 2.9e-12 7.8e-12
  809    41    29  3.6e-14 6.2e-14 8.3e-14 9.8e-14 1.5e-13 2.5e-13 4.3e-13 6.7e-13 1.0e-12 2.1e-12 4.7e-12
  810    41    30  1.7e-14 3.7e-14 6.8e-14 1.1e-13 2.6e-13 5.2e-13 8.8e-13 1.3e-12 2.6e-12 7.4e-12 2.3e-11
  811    41    31  4.0e-14 7.3e-14 1.1e-13 1.8e-13 4.3e-13 8.7e-13 1.5e-12 2.2e-12 4.0e-12 1.0e-11 2.9e-11
  812    41    32  2.5e-14 5.7e-14 1.2e-13 2.4e-13 6.2e-13 1.2e-12 1.9e-12 2.6e-12 4.7e-12 1.2e-11 3.1e-11
  813    41    33  6.2e-14 1.4e-13 3.4e-13 7.2e-13 1.8e-12 3.2e-12 4.8e-12 6.5e-12 1.1e-11 2.5e-11 6.0e-11
  814    41    34  4.5e-14 1.1e-13 2.9e-13 6.2e-13 1.5e-12 2.5e-12 3.6e-12 4.6e-12 7.2e-12 1.4e-11 2.9e-11
  815    41    35  1.6e-13 5.8e-13 1.8e-12 3.5e-12 7.0e-12 1.1e-11 1.4e-11 1.7e-11 2.3e-11 3.7e-11 6.4e-11
  816    41    36  9.6e-14 2.6e-13 6.1e-13 1.1e-12 2.2e-12 3.4e-12 4.6e-12 5.7e-12 7.4e-12 1.1e-11 1.9e-11
  817    41    37  6.7e-13 2.7e-12 7.3e-12 1.2e-11 2.0e-11 2.7e-11 3.2e-11 3.7e-11 4.3e-11 5.6e-11 7.6e-11
  818    41    38  8.5e-13 2.0e-12 3.2e-12 4.3e-12 5.8e-12 7.3e-12 8.7e-12 9.9e-12 1.2e-11 1.5e-11 2.1e-11
  819    41    39  4.6e-12 1.8e-11 3.8e-11 5.5e-11 7.5e-11 8.8e-11 9.7e-11 1.0e-10 1.1e-10 1.3e-10 1.5e-10
  820    41    40  6.4e-12 1.2e-11 1.6e-11 1.7e-11 1.9e-11 1.9e-11 2.0e-11 2.1e-11 2.4e-11 2.8e-11 3.2e-11
!NOTES:
!Energy levels, transition frequencies and Einstein A coefficients from JPL
